26.908700
26.937500
26.921600
26.890300
26.943300
26.934000
26.925200
26.893000
26.890000
26.876700
26.901500
26.947800
26.911000
26.890800
26.892900
26.897600
26.971700
26.900100
26.900100
26.896100
26.911500
26.962100
26.903600
26.905800
26.885000
26.881500
26.888100
26.901000
26.862500
26.927600
26.884400
26.882800
26.925000
26.861300
26.913800
26.880900
26.897400
26.941000
26.937100
26.918700
26.901300
26.915200
26.886600
26.874700
26.902300
26.908300
26.959200
26.961500
26.878400
26.957300
26.896100
26.898800
26.886400
26.931900
26.957200
26.906300
27.050100
26.892600
26.961000
26.936200
26.902300
26.948300
26.907700
26.892000
26.926200
26.865200
26.865100
26.880500
26.954300
26.898900
26.867900
26.889400
26.895000
26.859700
26.868600
26.900200
26.952500
26.915100
26.940500
26.943100
26.930600
26.880900
26.870400
26.905900
26.936200
26.962000
26.886900
26.882700
26.897100
26.905700
26.865800
26.895100
26.920000
26.898300
26.861100
26.942900
26.905600
26.894300
26.916700
26.920600
26.972000
26.961100
26.972000
26.926000
26.920200
26.893100
26.905800
26.978300
26.888100
26.733000
26.686800
26.693400
26.686300
26.720200
26.699600
26.737000
26.801900
26.711300
26.672500
26.691100
26.678600
26.740200
26.721600
26.699300
26.715300
26.694800
26.722000
26.750300
26.727200
26.696900
26.730900
26.744200
26.714300
26.749500
26.716200
26.732700
26.689400
26.698600
26.722900
26.710500
26.736300
26.675200
26.721400
26.703600
26.701000
26.727000
26.699000
26.704000
26.723200
26.711000
26.685000
26.715100
26.727900
26.733800
26.715000
26.711700
26.711500
26.734500
26.807000
26.733700
26.715500
26.695300
26.732500
26.691200
26.732800
26.740700
26.744200
26.812400
26.724400
26.720200
26.664200
26.712800
26.699400
26.772800
26.739200
26.748700
26.749200
26.742800
26.752600
26.684900
26.663900
26.725500
26.710500
26.800600
26.706000
26.707800
26.695400
26.725900
26.699300
26.723900
26.692500
26.711100
26.734200
26.696400
26.722000
26.693700
26.722800
26.686000
26.678600
26.678100
26.720200
26.717400
26.708700
26.725500
26.674700
26.688100
26.741900
26.680600
26.700800
26.716800
26.739500
26.741200
26.719300
26.698400
26.716100
26.666400
26.724800
26.683400
26.675900
26.704400
26.727900
26.720100
26.724500
26.697800
26.684300
26.722100
26.709400
26.717200
26.691600
26.716900
26.676100
26.719300
26.676700
26.705200
26.739300
26.737800
26.707300
26.686600
26.714900
26.723600
26.765200
26.720800
26.696200
26.695600
26.757100
26.722300
26.697400
26.691900
26.675000
26.713100
26.756100
26.661000
26.706600
26.729100
26.780400
26.686500
26.752100
26.683400
26.761600
26.726500
26.743500
26.700700
26.727900
26.783100
26.737200
26.717600
26.685600
26.752400
26.695700
26.670000
26.747500
26.693600
26.728300
26.670500
26.730700
26.759700
26.732300
26.741900
26.686900
26.694500
26.736000
26.715200
26.725500
26.703600
26.727100
26.727900
26.726300
26.749600
26.704400
26.781800
26.713800
26.687500
26.714100
26.814700
26.712800
26.700900
26.754300
26.695400
26.689000
26.764200
26.732400
26.727100
26.732400
26.716500
26.720500
26.727300
26.731600
26.740200
26.744600
26.732000
26.710800
26.766100
26.737900
26.754600
26.772600
26.692700
26.722600
26.706800
26.736200
26.690800
26.747400
26.784600
26.689100
26.710000
26.779000
26.716500
26.696100
26.702500
26.707700
26.720600
26.783500
26.732200
26.744300
26.729400
26.761500
26.709500
26.704700
26.744900
26.757700
26.735600
26.725900
26.709300
26.745900
26.707900
26.745900
26.735600
26.710300
26.705500
26.749700
26.708300
26.714400
26.751500
26.696400
26.744000
26.740100
26.753300
26.782000
26.701800
26.717800
26.705500
26.746200
26.740400
26.727400
26.745400
26.706900
26.708400
26.782800
26.722400
26.762500
26.721900
26.742700
26.759400
26.787400
26.740600
26.713900
26.744000
26.721400
26.738200
26.756500
26.747000
26.791600
26.759800
26.766100
26.717900
26.746400
26.745700
26.722900
26.714200
26.774000
26.720700
26.749500
26.712300
26.746800
26.744500
26.695700
26.693900
26.727900
26.714300
26.730200
26.723000
26.705800
26.732100
26.743600
26.739600
26.766400
26.750000
26.748500
26.713600
26.772400
26.684400
26.731900
26.745800
26.771100
26.741200
26.761200
26.729900
26.767500
26.751700
26.781900
26.673400
26.697900
26.698400
26.752100
26.740000
26.724200
26.722000
26.702100
26.728000
26.711600
26.744200
26.685900
26.687600
26.731600
26.726700
26.721500
26.774400
26.738900
26.727100
26.749300
26.760500
26.750300
26.753900
26.758500
26.703400
26.748000
26.756600
26.716700
26.752400
26.769800
26.744700
26.738600
26.750900
26.734100
26.732000
26.751300
26.780900
26.761300
26.727400
26.741300
26.734100
26.728200
26.736800
26.709100
26.754800
26.776500
26.745300
26.764200
26.758800
26.746300
26.756200
26.731300
26.789600
26.713500
26.742700
26.745400
26.731100
26.729800
26.713700
26.746600
26.782600
26.751900
26.725500
26.749700
26.778900
26.733800
26.766800
26.700100
26.780200
26.751800
26.740100
26.747000
26.755600
26.744000
26.750500
26.741700
26.734700
26.717500
26.787600
26.748600
26.733900
26.707300
26.720200
26.742400
26.791800
26.720900
26.736700
26.751300
26.743700
26.774400
26.725500
26.758900
26.786900
26.722900
26.792300
26.729200
26.719300
26.726200
26.777800
26.738500
26.727900
26.757400
26.740000
26.748800
26.736900
26.748400
26.784700
26.733500
26.706400
26.731000
26.727500
26.709800
26.697900
26.775900
26.741000
26.719800
26.747100
26.796500
26.820900
26.750400
26.740600
26.755400
26.727000
26.743500
26.773700
26.759800
26.762600
26.759700
26.762300
26.734900
26.700000
26.722500
26.764600
26.736000
26.731600
26.740800
26.765100
26.745200
26.820300
26.762500
26.732100
26.731500
26.702900
26.768700
26.738200
26.737800
26.736200
26.775600
26.718700
26.740700
26.702300
26.720100
26.716100
26.719300
26.729400
26.731000
26.773400
26.716400
26.731600
26.735900
26.740400
26.726400
26.738500
26.727500
26.753900
26.748600
26.726600
26.711600
26.697200
26.771500
26.732500
26.729000
26.719500
26.758900
26.772300
26.738900
26.737000
26.770100
26.774300
26.732400
26.709800
26.760100
26.762100
26.749100
26.751800
26.701900
26.784800
26.707900
26.734500
26.697000
26.738600
26.716900
26.733100
26.792000
26.732900
26.714800
26.739700
26.737700
26.746600
26.725700
26.742000
26.702200
26.730400
26.708700
26.715600
26.715300
26.737500
26.743600
26.712300
26.797900
26.735400
26.726600
26.758500
26.685400
26.740700
26.752900
26.726800
26.696000
26.732300
26.743900
26.730500
26.717400
26.734200
26.731000
26.807500
26.785500
26.759600
26.722300
26.756300
26.719200
26.736700
26.731700
26.740000
26.742500
26.756600
26.708900
26.756600
26.730400
26.731600
26.691400
26.708000
26.709000
26.705600
26.773900
26.790900
26.705100
26.735100
26.706400
26.701000
26.768800
26.762700
26.744000
26.749100
26.752700
26.779800
26.726000
26.730600
26.713400
26.778200
26.780500
26.751900
26.734000
26.727200
26.710300
26.776100
26.718700
26.751600
26.745200
26.716700
26.716900
26.745500
26.718000
26.761100
26.754000
26.735600
26.700100
26.744000
26.717700
26.769900
26.728200
26.715500
26.740500
26.744600
26.740900
26.763500
26.742700
26.712800
26.733700
26.759100
26.688500
26.796500
26.705000
26.722900
26.748300
26.726700
26.743100
26.716000
26.724400
26.746600
26.756000
26.745900
26.722400
26.727200
26.693400
26.759500
26.727200
26.757200
26.723100
26.720000
26.769600
26.687800
26.724800
26.712600
26.679400
26.745200
26.726100
26.693600
26.744000
26.720200
26.760900
26.712900
26.747100
26.735400
26.720800
26.782400
26.712900
26.743100
26.851900
26.725600
26.719000
26.717500
26.711100
26.706000
26.706900
26.724600
26.797800
26.696600
26.757700
26.717100
26.751500
26.735000
26.750600
26.741800
26.793700
26.733400
26.696800
26.726700
26.764400
26.701200
26.741600
26.738900
26.674800
26.759100
26.736200
26.723100
26.769700
26.753400
26.757500
26.722200
26.708600
26.712800
26.740400
26.822400
26.708500
26.709100
26.713400
26.707400
26.714700
26.734100
26.670000
26.753700
26.725600
26.742800
26.735300
26.729000
26.697700
26.720500
26.718100
26.763700
26.712400
26.712300
26.680300
26.773500
26.724800
26.712900
26.704400
26.758600
26.706100
26.711200
26.679800
26.665000
26.726000
26.710800
26.710900
26.747500
26.721000
26.748500
26.720300
26.779400
26.702200
26.756100
26.748600
26.698800
26.696900
26.677900
26.665800
26.756900
26.685000
26.689100
26.705400
26.691200
26.678400
26.710000
26.719100
26.717500
26.690500
26.670700
26.695800
26.703300
26.691700
26.715400
26.698800
26.699700
26.675100
26.731500
26.713700
26.742600
26.718800
26.720100
26.705200
26.696000
26.724200
26.676800
26.743000
26.694000
26.696000
26.709700
26.703200
26.683600
26.704900
26.720500
26.727400
26.725700
26.707500
26.663200
26.695100
26.672800
26.732900
26.713400
26.674200
26.684500
26.670300
26.741900
26.765200
26.686900
26.693100
26.757800
26.699500
26.711500
26.711300
26.682600
26.734000
26.705400
26.663600
26.696600
26.652700
26.728400
26.690000
26.730500
26.686200
26.715700
26.709400
26.728700
26.668800
26.716300
26.663700
26.742900
26.700600
26.724900
26.719800
26.691700
26.704600
26.745600
26.719200
26.696100
26.731500
26.710300
26.721100
26.758700
26.696200
26.700000
26.723500
26.730300
26.703200
26.668700
26.752500
26.786400
26.709700
26.717100
26.759900
26.689200
26.709700
26.682800
26.718100
26.711600
26.738600
26.736000
26.719700
26.715800
26.780800
26.744500
26.756500
26.723600
26.728000
26.719000
26.756400
26.728700
26.720300
26.743200
26.727800
26.700900
26.708300
26.736600
26.748600
26.690900
26.755200
26.757100
26.701700
26.702700
26.747800
26.705600
26.717600
26.746700
26.713800
26.700800
26.717800
26.729600
26.758500
26.767100
26.730500
26.740200
26.714800
26.766300
26.719500
26.707300
26.733200
26.733000
26.725100
26.729600
26.732900
26.725000
26.704100
26.767500
26.743300
26.752000
26.751900
26.699700
26.756700
26.782400
26.706100
26.732500
26.767000
26.770000
26.746200
26.704400
26.727300
26.726300
26.736900
26.736900
26.690200
26.787100
26.752000
26.761200
26.691200
26.717400
26.713200
26.736800
26.738900
26.715200
26.728000
26.734000
26.711700
26.775000
26.728000
26.732100
26.741000
26.756000
26.789400
26.706300
26.723100
26.736100
26.762100
26.768600
26.730800
26.693300
26.761100
26.711300
26.702600
26.722600
26.738100
26.730000
26.779500
26.738500
26.676200
26.782000
26.788100
26.750500
26.747000
26.735400
26.668200
26.702600
26.729500
26.723100
26.751400
26.688600
26.757000
26.739800
26.704000
26.741600
26.716800
26.811800
26.751300
26.728100
26.742300
26.711800
26.736100
26.763000
26.766300
26.710400
26.737900
26.791300
26.723400
26.725200
26.742300
26.770800
26.811400
26.784900
26.722800
26.768200
26.735400
26.793100
26.724000
26.753300
26.711500
26.818700
26.766600
26.753500
26.729600
26.765300
26.724600
26.744600
26.688800
26.718200
26.734600
26.715900
26.718000
26.710000
26.744100
26.704400
26.745400
26.727400
26.713600
26.729100
26.742300
26.752200
26.732700
26.761500
26.795200
26.764500
26.750100
26.747300
26.744500
26.761200
26.782300
26.706800
26.742700
26.722300
26.734000
26.713400
26.742600
26.732800
26.737800
26.727700
26.718600
26.706600
26.772600
26.756300
26.764300
26.721700
26.757400
26.762000
26.753900
26.765400
26.765100
26.724600
26.741500
26.763700
26.729300
26.736200
26.756400
26.717000
26.726900
26.722300
26.783100
26.742300
26.716100
26.742300
26.763100
26.703700
26.786200
26.725800
26.694800
26.724700
26.703300
26.707200
26.740100
26.765600
26.685600
26.718300
26.740900
26.760300
26.765700
26.798800
26.745100
26.731300
26.780600
26.767300
26.751000
26.722600
26.765200
26.727400
26.749700
26.757000
26.785200
26.710100
26.776000
26.697600
26.692600
26.705500
26.764800
26.751700
26.741500
26.750600
26.776100
26.715200
26.760500
26.760400
26.809900
26.782800
26.734800
26.721700
26.777300
26.732000
26.801200
26.740000
26.744800
26.721400
26.733700
26.772500
26.727100
26.721800
26.744500
26.706600
26.717700
26.735400
26.763600
26.750400
26.787100
26.737800
26.779500
26.751400
26.743200
26.753600
26.841500
26.753300
26.750900
26.732700
26.752700
26.738300
26.718900
26.740100
26.735800
26.733800
26.731200
26.773800
26.705400
26.736300
26.759300
26.734900
26.772500
26.748100
26.717600
26.810500
26.730900
26.791000
26.780400
26.805400
26.709000
26.749100
26.751500
26.774900
26.722600
26.723300
26.741900
26.684100
26.745600
26.705700
26.706800
26.693200
26.720900
26.745100
26.774200
26.718200
26.703900
26.708000
26.767400
26.755100
26.776800
26.723700
26.740100
26.766100
26.726000
26.721400
26.692700
26.737100
26.708800
26.689800
26.743700
26.744100
26.749700
26.730300
26.816300
26.753300
26.734700
26.699000
26.753200
26.714300
26.762800
26.706300
26.774700
26.720900
26.735300
26.765100
26.768500
26.811300
26.726100
26.758400
26.721600
26.712500
26.746700
26.721400
26.729400
26.738700
26.734600
26.730800
26.718000
26.710700
26.732600
26.739800
26.709700
26.703500
26.761400
26.705600
26.718800
26.711900
26.724200
26.780500
26.750900
26.728900
26.753800
26.769700
26.740200
26.784900
26.700800
26.734300
26.737100
26.755800
26.783900
26.756900
26.799300
26.744400
26.751500
26.747400
26.774300
26.766300
26.815900
26.736400
26.705700
26.749600
26.739600
26.737500
26.729400
26.716700
26.743700
26.726000
26.762000
26.741500
26.748000
26.773500
26.783100
26.809900
26.695800
26.733700
26.736000
26.770700
26.715500
26.817900
26.742300
26.709300
26.723100
26.747400
26.781100
26.754600
26.690900
26.756200
26.706400
26.702700
26.771300
26.744800
26.729700
26.737900
26.743200
26.727500
26.743600
26.700200
26.736600
26.769400
26.736500
26.737600
26.758700
26.718600
26.763100
26.775800
26.805200
26.725200
26.715200
26.754500
26.728400
26.754600
26.749200
26.751200
26.676200
26.758900
26.709600
26.752300
26.709500
26.749400
26.759600
26.689300
26.741200
26.720700
26.714700
26.734700
26.720400
26.725300
26.710600
26.774900
26.738900
26.722400
26.769400
26.815400
26.786700
26.712000
26.758400
26.765900
26.723200
26.736100
26.703800
26.773000
26.801300
26.741900
26.728300
26.693300
26.693300
26.756200
26.722200
26.702100
26.742900
26.753800
26.742900
26.806100
26.731000
26.727900
26.769400
26.771800
26.795400
26.721500
26.753200
26.720300
26.726200
26.748600
26.777300
26.703000
26.718400
26.710600
26.717400
26.735400
26.728700
26.716100
26.708300
26.758800
26.740500
26.734700
26.739900
26.686000
26.705500
26.740800
26.744300
26.737400
26.776200
26.718300
26.751100
26.704600
26.722000
26.704100
26.735400
26.699400
26.764000
26.769100
26.717600
26.728700
26.701200
26.700100
26.736200
26.744600
26.767200
26.725900
26.705100
26.742300
26.734000
26.758000
26.732500
26.748300
26.718500
26.751100
26.717400
26.671500
26.768600
26.686900
26.696400
26.707200
26.730100
26.720200
26.682500
26.733600
26.690900
26.771000
26.794500
26.725800
26.714800
26.715400
26.691600
26.683200
26.699400
26.767300
26.696200
26.733600
26.719100
26.685600
26.741000
26.707200
26.702400
26.723500
26.756500
26.654600
26.725000
26.680500
26.663900
26.706400
26.690200
26.702600
26.722700
26.686300
26.746500
26.728000
26.704300
26.732000
26.716300
26.717400
26.725600
26.715000
26.769800
26.674300
26.773400
26.717800
26.791300
26.746900
26.804000
26.730300
26.766500
26.710500
26.743600
26.755400
26.758500
26.700300
26.700500
26.730700
26.703600
26.717300
26.712300
26.713000
26.783500
26.671600
26.796800
26.760600
26.736200
26.684200
26.753400
26.792000
26.732400
26.756200
26.680900
26.757400
26.698800
26.713100
26.773800
26.739900
26.681200
26.699200
26.704000
26.684200
26.691600
26.689500
26.719500
26.711400
26.702500
26.708900
26.709600
26.728100
26.680700
26.748900
26.743100
26.713800
26.742500
26.680900
26.709100
26.746400
26.712100
26.754600
26.698500
26.686800
26.724100
26.767600
26.726200
26.711700
26.745500
26.751600
26.747800
26.712700
26.677400
26.734600
26.701100
26.735900
26.720000
26.725700
26.700900
26.761500
26.721500
26.711400
26.716600
26.744200
26.818300
26.701800
26.740400
26.742500
26.777900
26.757000
26.711500
26.652500
26.727000
26.699800
26.738800
26.718300
26.694600
26.680700
26.718400
26.749800
26.708900
26.713400
26.732000
26.772400
26.733300
26.751700
26.726500
26.696400
26.728700
26.760900
26.707900
26.732900
26.726100
26.766500
26.741000
26.706500
26.733700
26.709600
26.755800
26.776300
26.706600
26.771500
26.693800
26.751500
26.790000
26.738900
26.704500
26.705500
26.768400
26.716100
26.696300
26.784100
26.719200
26.732300
26.708000
26.733000
26.750200
26.738800
26.728600
26.727000
26.738000
26.823300
26.727500
26.739100
26.734500
26.716200
26.747300
26.758100
26.694600
26.720800
26.774400
26.749400
26.776200
26.725900
26.748100
26.726900
26.729700
26.721800
26.717000
26.771500
26.746000
26.753300
26.750800
26.728100
26.719700
26.761900
26.709600
26.719100
26.733100
26.765200
26.793000
26.711200
26.695400
26.749300
26.744800
26.713900
26.774700
26.702100
26.743200
26.712600
26.712700
26.795300
26.716700
26.709100
26.718600
26.683300
26.707000
26.726200
26.760000
26.764600
26.740700
26.744600
26.714700
26.697300
26.712700
26.720700
26.737000
26.715000
26.712900
26.726000
26.727800
26.736300
26.735400
26.723200
26.734500
26.724400
26.736000
26.827100
26.704200
26.767200
26.758200
26.693400
26.675600
26.764500
26.753700
26.736100
26.722700
26.729200
26.774700
26.723800
26.735400
26.679600
26.749200
26.772900
26.746300
26.739600
26.726700
26.742800
26.779900
26.766800
26.773300
26.749500
26.741600
26.713900
26.756500
26.776100
26.777100
26.800100
26.772000
26.729900
26.755900
26.733800
26.810100
26.759900
26.722000
26.729700
26.792400
26.789600
26.714000
26.763200
26.735400
26.717400
26.712200
26.799400
26.733600
26.731200
26.725300
26.784400
26.711900
26.768100
26.756500
26.733500
26.713300
26.722500
26.802800
26.754800
26.722900
26.745100
26.724700
26.777100
26.734400
26.786000
26.694700
26.759800
26.756000
26.714400
26.688300
26.718400
26.729700
26.738500
26.716400
26.733100
26.741100
26.748100
26.748600
26.744300
26.750300
26.727400
26.788100
26.733800
26.763000
26.800700
26.750600
26.749300
26.721800
26.711100
26.753800
26.727900
26.747900
26.712400
26.781900
26.779200
26.725100
26.763300
26.723000
26.709200
26.735700
26.700500
26.733100
26.696900
26.776500
26.726200
26.766200
26.730000
26.730900
26.726100
26.719700
26.734600
26.712300
26.746000
26.716600
26.754300
26.804900
26.743500
26.714400
26.749600
26.730600
26.697800
26.759500
26.699800
26.814600
26.724300
26.761600
26.705500
26.749400
26.751700
26.727900
26.744600
26.766800
26.728400
26.740800
26.765800
26.761500
26.766000
26.750100
26.710900
26.794000
26.735300
26.740900
26.716600
26.772000
26.720300
26.723500
26.704700
26.714100
26.699400
26.712800
26.748800
26.734300
26.722800
26.724600
26.715100
26.759600
26.738700
26.750200
26.726700
26.745700
26.754800
26.768900
26.733200
26.802400
26.739100
26.775200
26.779200
26.761300
26.736700
26.738600
26.708100
26.731600
26.745000
26.717000
26.799200
26.721100
26.749200
26.706800
26.772700
26.758000
26.807700
26.727400
26.728800
26.735700
26.715700
26.695300
26.707200
26.732200
26.750400
26.745100
26.707600
26.739400
26.744400
26.736800
26.743200
26.771300
26.751000
26.736600
26.735400
26.749000
26.745600
26.693700
26.756700
26.787300
26.764700
26.732500
26.757300
26.725200
26.783800
26.795200
26.742400
26.747700
26.726200
26.784500
26.725500
26.735400
26.705000
26.754000
26.713200
26.783000
26.766900
26.733700
26.732500
26.748300
26.742600
26.763100
26.750200
26.735700
26.778700
26.765100
26.769400
26.707900
26.710600
26.734400
26.723500
26.762400
26.713600
26.684400
26.744300
26.750700
26.727800
26.706300
26.720200
26.740300
26.777700
26.729800
26.701100
26.721300
26.803300
26.760900
26.759400
26.765100
26.716100
26.714200
26.788100
26.732900
26.769100
26.729000
26.724400
26.793600
26.755100
26.728600
26.795700
26.785200
26.749100
26.748600
26.751500
26.748300
26.728800
26.718300
26.733400
26.802500
26.771100
26.714500
26.740300
26.737100
26.773200
26.738700
26.762100
26.751900
26.746500
26.745000
26.694900
26.752000
26.793400
26.751500
26.709400
26.700900
26.743900
26.792600
26.713200
26.735200
26.724300
26.788500
26.734000
26.748800
26.733200
26.727800
26.781500
26.721000
26.773100
26.688900
26.760000
26.700400
26.766800
26.734800
26.711600
26.744700
26.712700
26.705600
26.736600
26.724500
26.746200
26.770300
26.709500
26.699100
26.761900
26.755600
26.707100
26.710200
26.716600
26.739400
26.699900
26.755100
26.707900
26.718500
26.771800
26.739000
26.721900
26.716800
26.704100
26.709900
26.704400
26.747300
26.721100
26.757100
26.700700
26.726600
26.702800
26.744000
26.707900
26.698400
26.718400
26.707100
26.795800
26.811200
26.752400
26.719600
26.765700
26.730700
26.784000
26.744400
26.690800
26.745700
26.808400
26.706700
26.732400
26.714500
26.669000
26.697300
26.723500
26.768100
26.753600
26.708200
26.731400
26.724200
26.728300
26.762300
26.770500
26.712500
26.725300
26.686500
26.729100
26.739500
26.744700
26.688000
26.690500
26.713000
26.757300
26.743400
26.743700
26.711200
26.682200
26.723600
26.721800
26.787500
26.720100
26.712700
26.684600
26.739600
26.687700
26.791000
26.687400
26.831200
26.716500
26.702000
26.709100
26.724500
26.726200
26.725400
26.703600
26.680200
26.707300
26.715800
26.705500
26.682700
26.732800
26.703300
26.740400
26.705700
26.799900
26.669400
26.726000
26.699800
26.719300
26.727600
26.699800
26.715400
26.727300
26.736100
26.741900
26.682500
26.698800
26.694000
26.736200
26.720600
26.713400
26.702900
26.730900
26.698400
26.696200
26.715200
26.757800
26.775200
26.716700
26.720700
26.707900
26.736100
26.715500
26.669200
26.720700
26.689200
26.714800
26.710800
26.669800
26.708000
26.680700
26.676900
26.720200
26.677800
26.694100
26.713400
26.714400
26.738400
26.684000
26.661700
26.719400
26.705100
26.711000
26.701000
26.777800
26.741500
26.733700
26.763600
26.695400
26.676700
26.694700
26.737300
26.693600
26.697900
26.712600
26.709500
26.706300
26.726300
26.679800
26.706600
26.690000
26.674300
26.681200
26.736100
26.710900
26.737600
26.706800
26.779500
26.722700
26.717600
26.714900
26.807200
26.710000
26.740300
26.738200
26.738600
26.711600
26.694100
26.745000
26.680100
26.678900
26.713600
26.718100
26.689300
26.702200
26.773200
26.741000
26.694000
26.739100
26.692600
26.684600
26.676500
26.718600
26.721200
26.714700
26.745600
26.708400
26.721300
26.731000
26.713300
26.766100
26.700300
26.714700
26.687200
26.725300
26.673400
26.712300
26.674700
26.769100
26.705500
26.698900
26.734800
26.697400
26.707200
26.706200
26.662700
26.747400
26.709900
26.668700
26.731300
26.693800
26.669300
26.715300
26.728300
26.715900
26.730800
26.694600
26.706400
26.697300
26.716000
26.708100
26.744000
26.760800
26.744100
26.730200
26.697000
26.687700
26.716600
26.693500
26.718800
26.810700
26.767800
26.717100
26.700700
26.730600
26.728700
26.749900
26.777300
26.712100
26.750600
26.716700
26.726000
26.683500
26.760800
26.725900
26.740200
26.747700
26.714100
26.700400
26.746400
26.711900
26.740600
26.726300
26.704700
26.751100
26.778200
26.710000
26.745800
26.712800
26.731800
26.718500
26.779000
26.724900
26.779700
26.765900
26.690700
26.747000
26.697500
26.733300
26.782400
26.742000
26.735100
26.713800
26.727700
26.734000
26.774100
26.754900
26.723100
26.762700
26.701300
26.727400
26.802300
26.742500
26.746200
26.714300
26.766000
26.739900
26.713200
26.816300
26.722000
26.748000
26.745200
26.736500
26.742500
26.728500
26.754100
26.710300
26.710500
26.739100
26.713700
26.695500
26.716100
26.741900
26.801900
26.730300
26.715200
26.705700
26.751400
26.751900
26.722500
26.812500
26.728000
26.739400
26.810300
26.699200
26.720900
26.685900
26.743000
26.794600
26.688500
26.738900
26.743800
26.690200
26.706900
26.693400
26.769500
26.699300
26.722600
26.753100
26.721200
26.751200
26.748200
26.797400
26.733100
26.755000
26.720300
26.754600
26.723500
26.763200
26.705000
26.721600
26.831200
26.722000
26.746800
26.738900
26.713600
26.730600
26.738600
26.771700
26.776100
26.750000
26.692900
26.730100
26.719300
26.708400
26.719200
26.721000
26.690300
26.702600
26.712600
26.750300
26.758200
26.785000
26.721100
26.737500
26.719600
26.748400
26.728300
26.734600
26.731700
26.697900
26.714500
26.736300
26.747600
26.752400
26.680400
26.739100
26.754900
26.697000
26.753300
26.761400
26.779000
26.733500
26.797200
26.747300
26.743500
26.704300
26.777100
26.771600
26.757200
26.731500
26.744400
26.756800
26.783400
26.748600
26.763100
26.750400
26.705300
26.751800
26.707600
26.828700
26.752000
26.727300
26.811000
26.758100
26.735700
26.798700
26.744400
26.737300
26.719800
26.732100
26.780000
26.731100
26.765500
26.734800
26.694800
26.745200
26.728100
26.767800
26.715100
26.695600
26.714400
26.692300
26.716000
26.776300
26.716300
26.714300
26.705200
26.775600
26.732900
26.783900
26.768900
26.743900
26.802200
26.764800
26.704200
26.755900
26.768100
26.739100
26.728900
26.743900
26.763300
26.726100
26.748300
26.727200
26.721900
26.691100
26.693600
26.730500
26.757200
26.716000
26.772900
26.752700
26.715000
26.739800
26.714400
26.728000
26.790500
26.711200
26.717100
26.737200
26.699900
26.717800
26.696300
26.773000
26.729500
26.727500
26.781700
26.742500
26.718600
26.717800
26.756600
