582.332000
582.531000
582.675000
582.854000
583.146000
583.318000
583.496000
583.718000
583.883000
584.094000
584.288000
584.517000
584.743000
584.907000
585.076000
585.316000
585.531000
585.748000
585.980000
586.134000
586.279000
586.515000
586.702000
586.886000
587.185000
587.325000
587.540000
587.748000
587.998000
588.192000
588.353000
588.532000
588.725000
588.923000
589.114000
589.286000
589.588000
589.850000
589.937000
590.085000
590.290000
590.568000
590.735000
590.930000
591.126000
591.354000
591.490000
591.741000
591.977000
592.132000
592.361000
592.516000
592.729000
592.979000
593.183000
593.373000
593.497000
593.716000
593.911000
594.171000
594.313000
594.563000
594.703000
595.021000
595.114000
595.369000
595.571000
595.764000
595.877000
596.099000
596.309000
596.586000
596.741000
596.934000
597.142000
597.337000
597.553000
597.716000
597.997000
598.131000
598.344000
598.499000
598.706000
598.877000
599.125000
599.334000
599.615000
599.719000
599.907000
600.090000
600.391000
600.579000
600.700000
600.950000
601.102000
601.262000
601.478000
601.770000
601.881000
602.099000
602.333000
602.485000
602.716000
603.011000
603.146000
603.284000
603.519000
603.837000
603.948000
603.867000
604.028000
604.236000
604.410000
604.608000
604.800000
604.960000
605.205000
605.467000
605.633000
605.813000
606.093000
606.284000
606.454000
606.750000
606.954000
607.099000
607.287000
607.505000
607.689000
607.892000
608.140000
608.290000
608.441000
608.573000
608.767000
609.042000
609.245000
609.534000
609.651000
609.819000
610.032000
610.332000
610.554000
610.623000
610.902000
611.062000
611.288000
611.447000
611.716000
611.846000
612.026000
612.274000
612.467000
612.623000
612.891000
613.096000
613.268000
613.495000
613.677000
613.841000
614.006000
614.230000
614.518000
614.675000
614.923000
615.160000
615.333000
615.510000
615.658000
615.928000
616.079000
616.249000
616.500000
616.635000
616.761000
617.080000
617.256000
617.439000
617.673000
617.769000
618.154000
618.291000
618.412000
618.738000
618.934000
619.098000
619.296000
619.451000
619.639000
619.864000
620.201000
620.309000
620.528000
620.750000
620.886000
621.069000
621.260000
621.546000
621.732000
621.867000
622.034000
622.276000
622.442000
622.678000
622.852000
623.076000
623.303000
623.532000
623.662000
623.850000
624.062000
624.290000
624.483000
624.644000
624.830000
625.055000
625.302000
625.432000
625.684000
625.874000
626.058000
626.317000
626.456000
626.619000
626.860000
627.102000
627.216000
627.462000
627.590000
627.902000
628.096000
628.258000
628.594000
628.649000
628.829000
629.080000
629.273000
629.446000
629.687000
629.892000
630.145000
630.379000
630.503000
630.727000
630.942000
631.208000
631.257000
631.472000
631.680000
631.947000
632.077000
632.392000
632.597000
632.747000
632.951000
633.057000
633.286000
633.480000
633.802000
633.944000
634.042000
634.298000
634.454000
634.700000
634.884000
635.047000
635.243000
635.433000
635.668000
635.827000
636.110000
636.313000
636.570000
636.652000
636.933000
637.164000
637.264000
637.572000
637.749000
637.856000
638.083000
638.267000
638.495000
638.662000
638.861000
639.111000
639.198000
639.470000
639.609000
639.883000
640.066000
640.237000
640.534000
640.815000
640.908000
641.074000
641.312000
641.489000
641.786000
641.919000
642.091000
642.304000
642.492000
642.710000
642.926000
643.142000
643.266000
643.494000
643.675000
643.916000
644.092000
644.248000
644.556000
644.675000
644.840000
645.099000
645.277000
645.563000
645.712000
645.938000
646.069000
646.321000
646.522000
646.656000
646.857000
647.136000
647.259000
647.465000
647.733000
647.961000
648.132000
648.234000
648.555000
648.682000
648.968000
649.192000
649.280000
649.454000
649.683000
649.919000
650.109000
650.337000
650.475000
650.639000
650.888000
651.095000
651.249000
651.542000
651.657000
651.847000
652.062000
652.219000
652.454000
652.646000
652.858000
653.009000
653.362000
653.525000
653.695000
653.894000
654.061000
654.306000
654.449000
654.798000
654.969000
655.085000
655.245000
655.460000
655.774000
655.874000
656.103000
656.268000
656.468000
656.619000
656.895000
657.072000
657.337000
657.473000
657.583000
657.805000
658.088000
658.376000
658.510000
658.697000
658.885000
659.146000
659.403000
659.537000
659.643000
659.860000
660.036000
660.261000
660.432000
660.684000
660.807000
661.057000
661.226000
661.506000
661.692000
661.840000
662.117000
662.246000
662.495000
662.669000
662.819000
663.026000
663.279000
663.549000
663.700000
663.904000
664.101000
664.192000
664.491000
664.696000
664.837000
665.108000
665.302000
665.455000
665.700000
665.939000
666.211000
666.311000
666.461000
666.648000
666.798000
667.017000
667.181000
667.542000
667.654000
667.823000
668.072000
668.307000
668.523000
668.744000
668.903000
669.053000
669.282000
669.440000
669.702000
669.909000
670.022000
670.279000
670.476000
670.630000
670.869000
671.072000
671.295000
671.474000
671.664000
671.880000
672.158000
672.351000
672.545000
672.646000
672.857000
673.057000
673.270000
673.468000
673.694000
673.922000
674.089000
674.342000
674.480000
674.699000
674.902000
675.152000
675.247000
675.482000
675.652000
675.845000
676.110000
676.357000
676.448000
676.642000
676.913000
677.159000
677.303000
677.489000
677.650000
677.915000
678.095000
678.376000
678.510000
678.681000
678.927000
679.007000
679.314000
679.495000
679.692000
679.860000
680.066000
680.366000
680.462000
680.664000
680.865000
680.997000
681.344000
681.387000
681.711000
681.903000
682.186000
682.312000
682.504000
682.727000
682.907000
683.099000
683.419000
683.569000
683.782000
683.832000
684.084000
684.300000
684.499000
684.741000
684.915000
684.996000
685.338000
685.528000
685.684000
685.888000
686.190000
686.345000
686.508000
686.691000
686.913000
687.109000
687.357000
687.540000
687.702000
687.957000
688.017000
688.282000
688.523000
688.709000
688.896000
689.112000
689.271000
689.505000
689.658000
689.894000
690.065000
690.270000
690.507000
690.726000
690.937000
691.093000
691.225000
691.494000
691.729000
691.894000
692.033000
692.376000
692.555000
692.704000
692.889000
693.041000
693.302000
693.508000
693.642000
693.911000
694.098000
694.296000
694.510000
694.642000
694.851000
695.017000
695.438000
695.566000
695.670000
695.850000
696.103000
696.260000
696.483000
696.698000
696.859000
696.981000
697.256000
697.554000
697.685000
697.791000
698.016000
698.290000
698.445000
698.650000
698.842000
698.990000
699.256000
699.478000
699.644000
699.885000
700.175000
700.372000
700.468000
700.691000
700.924000
701.163000
701.286000
701.440000
701.681000
701.877000
702.086000
702.265000
702.472000
702.668000
702.882000
703.071000
703.294000
703.529000
703.745000
703.805000
704.164000
704.284000
704.455000
704.700000
704.955000
705.080000
705.246000
705.466000
705.783000
705.911000
706.088000
706.293000
706.484000
706.655000
706.817000
707.074000
707.307000
707.507000
707.639000
707.842000
708.013000
708.334000
708.483000
708.707000
708.914000
709.123000
709.348000
709.421000
709.697000
709.873000
710.085000
710.289000
710.503000
710.656000
710.901000
711.099000
711.272000
711.466000
711.641000
711.923000
712.073000
712.285000
712.446000
712.711000
712.863000
713.113000
713.240000
713.491000
713.759000
713.871000
714.098000
714.348000
714.561000
714.639000
714.936000
715.104000
715.285000
715.452000
715.723000
715.915000
716.117000
716.304000
716.441000
716.653000
716.862000
717.097000
717.308000
717.473000
717.712000
717.811000
718.085000
718.303000
718.516000
718.739000
718.967000
719.054000
719.379000
719.478000
719.750000
719.874000
720.125000
720.315000
720.477000
720.667000
720.860000
721.043000
721.317000
721.545000
721.709000
721.757000
722.055000
722.287000
722.524000
722.635000
722.807000
723.058000
723.299000
723.556000
723.635000
723.892000
724.077000
724.318000
724.448000
724.731000
724.828000
725.075000
725.355000
725.450000
725.725000
725.870000
726.087000
726.350000
726.460000
726.742000
726.865000
727.093000
727.209000
727.482000
727.724000
727.882000
728.000000
728.328000
728.493000
728.697000
728.859000
729.175000
729.316000
729.570000
729.747000
729.812000
730.028000
730.269000
730.492000
730.703000
730.906000
731.092000
731.274000
731.490000
731.679000
731.853000
732.132000
732.239000
732.443000
732.713000
732.878000
733.018000
733.317000
733.463000
733.752000
733.881000
734.076000
734.287000
734.402000
734.714000
734.929000
735.096000
735.412000
735.508000
735.669000
735.973000
736.177000
736.300000
736.536000
736.696000
736.933000
737.107000
737.343000
737.468000
737.660000
737.814000
738.099000
738.313000
738.493000
738.727000
738.872000
739.124000
739.313000
739.521000
739.620000
739.847000
740.057000
740.367000
740.560000
740.664000
741.008000
741.036000
741.247000
741.451000
741.627000
741.951000
742.161000
742.338000
742.435000
742.656000
742.940000
743.122000
743.306000
743.515000
743.706000
743.923000
744.088000
744.312000
744.484000
744.718000
744.930000
745.151000
745.341000
745.572000
745.622000
745.940000
746.114000
746.278000
746.464000
746.618000
746.921000
747.169000
747.336000
747.506000
747.614000
747.790000
748.039000
748.275000
748.430000
748.734000
748.853000
749.108000
749.291000
749.519000
749.737000
749.902000
750.131000
750.310000
750.507000
750.714000
750.910000
751.108000
751.295000
751.512000
751.736000
751.894000
752.032000
752.351000
752.521000
752.729000
752.848000
753.110000
753.328000
753.536000
753.721000
753.958000
754.048000
754.204000
754.509000
754.693000
754.932000
755.084000
755.308000
755.502000
755.792000
755.904000
756.077000
756.219000
756.550000
756.747000
756.819000
757.031000
757.316000
757.450000
757.795000
757.876000
758.082000
758.281000
758.476000
758.732000
758.871000
759.141000
759.313000
759.499000
759.714000
759.852000
760.119000
760.210000
760.459000
760.760000
760.875000
761.042000
761.255000
761.448000
761.711000
761.920000
762.211000
762.365000
762.513000
762.623000
762.908000
763.072000
763.302000
763.573000
763.728000
763.908000
764.142000
764.273000
764.448000
764.685000
764.879000
764.984000
765.277000
765.539000
765.694000
765.984000
765.988000
766.310000
766.533000
766.714000
766.906000
767.072000
767.238000
767.525000
767.744000
767.871000
768.036000
768.146000
768.454000
768.645000
768.900000
768.975000
769.278000
769.496000
769.701000
769.887000
770.049000
770.379000
770.556000
770.696000
770.963000
771.167000
771.268000
771.504000
771.742000
771.931000
772.139000
772.302000
772.499000
772.661000
772.821000
773.077000
773.335000
773.457000
773.661000
773.893000
774.113000
774.214000
774.463000
774.693000
774.891000
775.099000
775.329000
775.526000
775.707000
775.864000
776.128000
776.294000
776.546000
776.699000
776.805000
777.031000
777.272000
777.483000
777.696000
777.823000
778.055000
778.308000
778.471000
778.590000
778.894000
779.108000
779.312000
779.506000
779.657000
779.881000
780.055000
780.367000
780.526000
780.679000
780.840000
780.984000
781.256000
781.454000
781.640000
781.883000
782.013000
782.210000
782.490000
782.689000
782.847000
783.034000
783.313000
783.521000
783.651000
783.933000
784.054000
784.269000
784.441000
784.729000
784.894000
785.078000
785.263000
785.508000
785.601000
785.833000
786.030000
786.224000
786.442000
786.706000
786.854000
787.209000
787.316000
787.443000
787.717000
787.924000
788.103000
788.294000
788.488000
788.719000
789.117000
789.087000
789.343000
789.498000
789.785000
790.003000
790.093000
790.292000
790.498000
790.620000
790.867000
791.142000
791.373000
791.506000
791.615000
791.821000
792.100000
792.276000
792.538000
792.637000
792.824000
793.207000
793.284000
793.527000
793.698000
793.869000
794.037000
794.229000
794.517000
794.750000
794.871000
795.099000
795.243000
795.472000
795.714000
795.939000
796.165000
796.326000
796.553000
796.673000
796.853000
797.085000
797.300000
797.534000
797.728000
797.899000
798.063000
798.359000
798.526000
798.711000
798.885000
799.048000
799.302000
799.451000
799.680000
799.856000
800.052000
800.249000
800.395000
800.647000
800.912000
801.122000
801.322000
801.460000
801.599000
801.853000
802.109000
802.347000
802.480000
802.727000
802.911000
803.111000
803.333000
803.457000
803.671000
803.913000
804.106000
804.233000
804.475000
804.698000
804.985000
805.123000
805.323000
805.504000
805.718000
805.911000
806.105000
806.274000
806.460000
806.751000
807.005000
807.130000
807.267000
807.538000
807.680000
807.909000
808.044000
808.267000
808.567000
808.630000
808.935000
809.094000
809.222000
809.497000
809.709000
809.902000
810.083000
810.235000
810.452000
810.732000
810.914000
811.113000
811.386000
811.509000
811.731000
811.861000
812.128000
812.310000
812.503000
812.740000
812.909000
813.121000
813.360000
813.481000
813.668000
813.936000
814.074000
814.317000
814.516000
814.720000
814.897000
815.062000
815.287000
815.494000
815.748000
815.938000
816.178000
816.230000
816.460000
816.741000
816.931000
817.096000
817.283000
817.508000
817.649000
817.886000
818.122000
818.322000
818.550000
818.721000
818.799000
818.993000
819.300000
819.524000
819.613000
819.828000
820.129000
820.265000
820.431000
820.701000
820.846000
821.112000
821.313000
821.431000
821.686000
821.805000
822.149000
822.302000
822.581000
822.725000
822.863000
823.096000
823.389000
823.492000
823.649000
823.901000
824.185000
824.301000
824.570000
824.703000
824.972000
825.097000
825.367000
825.550000
825.630000
825.970000
826.049000
826.267000
826.457000
826.741000
826.833000
827.086000
827.285000
827.370000
827.670000
827.909000
828.129000
828.288000
828.482000
828.745000
828.874000
829.136000
829.366000
829.511000
829.636000
829.928000
830.175000
830.296000
830.390000
830.702000
830.934000
831.201000
831.403000
831.566000
831.770000
831.910000
832.057000
832.387000
832.544000
832.696000
832.962000
833.086000
833.371000
833.485000
833.709000
833.833000
834.102000
834.266000
834.495000
834.680000
834.933000
835.073000
835.270000
835.523000
835.691000
835.848000
836.066000
836.243000
836.478000
836.719000
836.836000
837.084000
837.221000
837.510000
837.709000
837.837000
838.068000
838.272000
838.531000
838.757000
838.795000
839.108000
839.292000
839.499000
839.743000
839.965000
840.095000
840.354000
840.519000
840.671000
840.890000
841.189000
841.271000
841.559000
841.733000
841.822000
842.081000
842.289000
842.531000
842.710000
842.799000
843.075000
843.331000
843.535000
843.694000
843.982000
844.172000
844.272000
844.533000
844.753000
844.949000
845.147000
845.237000
845.496000
845.760000
845.913000
846.110000
846.354000
846.443000
846.727000
846.915000
847.069000
847.265000
847.552000
847.648000
847.997000
848.094000
848.314000
848.515000
848.750000
848.931000
849.052000
849.253000
849.495000
849.726000
849.901000
850.054000
850.255000
850.484000
850.755000
850.903000
851.071000
851.281000
851.438000
851.663000
851.876000
852.119000
852.329000
852.473000
852.647000
852.832000
853.032000
853.277000
853.502000
853.654000
853.832000
854.187000
854.308000
854.484000
854.633000
854.865000
855.030000
855.279000
855.504000
855.626000
855.855000
856.043000
856.211000
856.472000
856.683000
856.794000
857.042000
857.375000
857.480000
857.710000
857.886000
858.094000
858.383000
858.515000
858.712000
858.940000
859.023000
859.299000
859.574000
859.756000
859.865000
860.031000
860.302000
860.490000
860.693000
860.916000
861.116000
861.239000
861.450000
861.600000
861.927000
862.087000
862.278000
862.569000
862.699000
862.873000
863.111000
863.362000
863.567000
863.628000
863.876000
864.000000
864.259000
864.492000
864.667000
864.835000
865.030000
865.303000
865.451000
865.705000
865.873000
866.075000
866.247000
866.523000
866.712000
866.835000
867.201000
867.210000
867.463000
867.676000
867.935000
868.114000
868.274000
868.431000
868.722000
868.935000
869.108000
869.273000
869.418000
869.645000
869.854000
870.052000
870.244000
870.462000
870.717000
870.799000
871.053000
871.276000
871.554000
871.578000
871.797000
872.028000
872.277000
872.507000
872.632000
872.806000
873.079000
873.224000
873.426000
873.672000
873.763000
874.073000
874.251000
874.461000
874.645000
874.871000
875.000000
875.275000
875.459000
875.633000
875.846000
876.134000
876.339000
876.538000
876.735000
876.979000
877.067000
877.340000
877.620000
877.719000
877.863000
878.092000
878.295000
878.495000
878.643000
878.779000
879.007000
879.340000
879.524000
879.599000
879.746000
880.122000
880.409000
880.565000
880.692000
880.853000
881.109000
881.368000
881.495000
881.704000
881.897000
882.117000
882.263000
882.425000
882.638000
882.864000
883.028000
883.271000
883.421000
883.619000
883.903000
884.137000
884.357000
884.461000
884.640000
884.849000
885.124000
885.255000
885.468000
885.755000
885.891000
886.135000
886.233000
886.522000
886.699000
886.973000
887.057000
887.214000
887.436000
887.690000
887.859000
888.148000
888.303000
888.463000
888.673000
888.959000
889.107000
889.297000
889.549000
889.662000
889.860000
890.137000
890.313000
890.542000
890.676000
890.848000
891.067000
891.321000
891.447000
891.655000
891.888000
892.054000
892.354000
892.447000
892.643000
892.878000
893.057000
893.258000
893.519000
893.636000
893.824000
894.103000
894.325000
894.465000
894.587000
894.809000
895.084000
895.357000
895.487000
895.634000
895.878000
896.020000
896.283000
896.520000
896.681000
897.032000
897.114000
897.262000
897.455000
897.682000
897.891000
898.113000
898.313000
898.537000
898.685000
898.921000
899.108000
899.249000
899.473000
899.653000
899.926000
900.142000
900.381000
900.487000
900.706000
900.889000
901.166000
901.337000
901.493000
901.694000
901.843000
902.093000
902.285000
902.564000
902.664000
902.869000
903.059000
903.273000
903.488000
903.673000
903.831000
904.125000
904.323000
904.464000
904.669000
904.915000
905.149000
905.281000
905.479000
905.673000
905.838000
906.017000
906.300000
906.522000
906.729000
906.918000
907.110000
907.262000
907.511000
907.722000
907.873000
908.146000
908.304000
908.528000
908.764000
908.953000
909.157000
909.324000
909.562000
909.646000
909.986000
910.115000
910.337000
910.523000
910.663000
910.856000
911.059000
911.260000
911.594000
911.744000
911.907000
912.106000
912.323000
912.607000
912.702000
912.839000
913.110000
913.331000
913.515000
913.649000
913.849000
914.004000
914.223000
914.522000
914.739000
914.888000
915.079000
915.232000
915.461000
915.720000
915.959000
916.149000
916.295000
916.434000
916.667000
916.954000
917.107000
917.295000
917.519000
917.722000
917.920000
918.077000
918.307000
918.505000
918.648000
919.005000
919.024000
919.270000
919.501000
919.712000
919.919000
920.117000
920.308000
920.520000
920.710000
920.863000
921.095000
921.304000
921.463000
921.683000
921.958000
922.147000
922.291000
922.511000
922.666000
922.831000
923.069000
923.335000
923.491000
923.709000
923.889000
924.043000
924.335000
924.509000
924.739000
924.914000
925.133000
925.396000
925.606000
925.711000
925.857000
926.104000
926.232000
926.539000
926.780000
926.979000
927.042000
927.220000
927.513000
927.707000
928.008000
928.108000
928.273000
928.505000
928.747000
928.970000
929.043000
929.336000
929.558000
929.613000
929.961000
930.058000
930.325000
930.499000
930.755000
930.952000
931.043000
931.300000
931.445000
931.727000
931.873000
932.050000
932.320000
932.583000
932.675000
932.843000
933.054000
933.356000
933.612000
933.764000
933.867000
934.036000
934.376000
934.594000
934.730000
934.868000
935.157000
935.328000
935.467000
935.652000
935.920000
936.089000
936.233000
936.499000
936.655000
936.889000
937.143000
937.262000
937.422000
937.728000
937.997000
938.163000
938.342000
938.485000
938.678000
938.903000
939.194000
939.308000
939.584000
939.722000
939.855000
940.060000
940.243000
940.575000
940.706000
940.934000
941.064000
941.261000
941.501000
941.746000
941.845000
942.162000
942.353000
942.559000
942.799000
942.925000
943.174000
943.317000
943.528000
943.744000
943.873000
944.084000
944.328000
944.545000
944.746000
944.950000
945.171000
945.299000
945.543000
945.773000
945.878000
946.028000
946.382000
946.610000
946.752000
946.874000
947.166000
947.336000
947.606000
947.808000
947.981000
948.137000
948.330000
948.538000
948.784000
948.888000
949.085000
949.402000
949.484000
949.755000
949.870000
950.169000
950.390000
950.538000
950.675000
950.920000
951.097000
951.373000
951.494000
951.640000
951.824000
952.141000
952.326000
952.488000
952.767000
952.934000
953.176000
953.381000
953.495000
953.708000
953.952000
954.155000
954.305000
954.648000
954.753000
955.039000
955.084000
955.257000
955.507000
955.751000
956.005000
956.156000
956.334000
956.504000
956.709000
956.894000
957.161000
957.269000
957.501000
957.688000
957.916000
958.141000
958.300000
958.448000
958.692000
958.921000
959.120000
959.265000
959.514000
959.761000
959.930000
960.143000
960.353000
960.489000
960.705000
960.937000
961.080000
961.308000
961.557000
961.786000
961.870000
962.062000
962.298000
962.484000
962.757000
962.955000
963.091000
963.354000
963.555000
963.719000
963.882000
964.133000
964.344000
964.525000
964.718000
964.926000
965.102000
965.346000
965.515000
965.687000
965.892000
966.069000
966.333000
966.442000
966.697000
966.929000
967.138000
967.307000
967.461000
967.734000
967.868000
968.122000
968.329000
968.503000
968.755000
968.918000
969.176000
969.366000
969.490000
969.631000
969.875000
970.132000
970.339000
970.492000
970.778000
970.905000
971.175000
971.370000
971.503000
971.748000
972.015000
972.133000
972.372000
972.513000
972.702000
972.863000
973.142000
973.346000
973.569000
973.677000
973.940000
974.114000
974.296000
974.494000
974.792000
974.906000
975.120000
975.285000
975.506000
975.745000
975.963000
976.096000
976.285000
976.528000
976.711000
976.910000
977.140000
977.292000
977.541000
977.760000
978.020000
978.141000
978.334000
978.554000
978.772000
979.017000
979.111000
979.250000
979.554000
979.749000
979.893000
980.168000
980.364000
980.498000
980.689000
980.899000
981.094000
981.350000
981.593000
981.726000
981.894000
982.138000
982.283000
982.585000
982.710000
982.950000
983.070000
983.298000
983.463000
983.653000
983.970000
984.161000
984.329000
984.501000
984.733000
984.891000
985.211000
985.269000
985.510000
985.729000
985.964000
986.126000
986.396000
986.618000
986.699000
986.908000
987.107000
987.346000
987.612000
987.693000
987.842000
988.135000
988.277000
988.523000
988.656000
988.971000
989.154000
989.360000
989.461000
989.769000
989.989000
990.139000
990.283000
990.572000
990.722000
990.907000
991.123000
991.380000
991.532000
991.744000
991.918000
992.113000
992.315000
992.563000
992.751000
992.877000
993.144000
993.364000
993.579000
993.741000
993.944000
994.120000
994.363000
994.529000
994.793000
994.972000
995.154000
995.312000
995.513000
995.758000
995.945000
996.184000
996.334000
996.560000
996.714000
996.955000
997.150000
997.373000
997.606000
997.718000
997.890000
998.120000
998.336000
998.604000
998.807000
998.949000
999.185000
999.294000
999.619000
999.755000
999.866000
1000.050000
1000.300000
1000.610000
1000.750000
1000.950000
1001.070000
1001.290000
1001.500000
1001.680000
1001.990000
1002.110000
1002.270000
1002.560000
1002.760000
1002.890000
1003.080000
1003.340000
1003.510000
1003.770000
1003.890000
1004.150000
1004.260000
1004.470000
1004.750000
1004.950000
1005.090000
1005.280000
1005.520000
1005.770000
1005.980000
1006.120000
1006.360000
1006.570000
1006.740000
1006.900000
1007.110000
1007.370000
1007.560000
1007.660000
1007.920000
1008.140000
1008.310000
1008.550000
1008.750000
1009.000000
1009.090000
1009.380000
1009.510000
1009.630000
1009.930000
1010.170000
1010.400000
1010.500000
1010.680000
1010.910000
1011.160000
1011.370000
1011.530000
1011.700000
1011.960000
1012.140000
1012.370000
1012.530000
1012.670000
1012.890000
1013.130000
1013.270000
1013.480000
1013.680000
1013.930000
1014.110000
1014.360000
1014.510000
1014.730000
1014.930000
1015.210000
1015.340000
1015.510000
1015.790000
1015.990000
1016.170000
1016.340000
1016.540000
1016.670000
1016.950000
1017.180000
1017.290000
1017.580000
1017.750000
1017.960000
1018.070000
1018.330000
1018.570000
1018.670000
1018.960000
1019.220000
1019.320000
1019.440000
1019.720000
1019.950000
1020.230000
1020.370000
1020.460000
1020.700000
1020.930000
1021.140000
1021.390000
1021.510000
1021.710000
1021.920000
1022.080000
1022.330000
1022.490000
1022.790000
1022.880000
1023.150000
1023.270000
1023.440000
1023.690000
1023.970000
1024.140000
1024.390000
1024.490000
1024.690000
1024.890000
1025.170000
1025.380000
1025.490000
1025.670000
1025.910000
1026.100000
1026.290000
1026.560000
1026.770000
1026.900000
1027.140000
1027.350000
1027.510000
1027.770000
1027.860000
1028.060000
1028.300000
1028.540000
1028.760000
1028.870000
1029.140000
1029.240000
1029.530000
1029.760000
1029.950000
1030.110000
1030.340000
1030.470000
1030.730000
1030.970000
1031.130000
1031.370000
1031.470000
1031.650000
1031.910000
1032.060000
1032.280000
1032.480000
1032.710000
1032.910000
1033.130000
1033.360000
1033.520000
1033.740000
1033.960000
1034.140000
1034.320000
1034.560000
1034.690000
1034.940000
1035.170000
1035.400000
1035.540000
1035.720000
1035.910000
1036.140000
1036.280000
1036.530000
1036.740000
1036.960000
1037.100000
1037.320000
1037.570000
1037.750000
1037.970000
1038.120000
1038.290000
1038.500000
1038.760000
1038.880000
1039.040000
1039.300000
1039.510000
1039.690000
1039.830000
1040.150000
1040.390000
1040.610000
1040.740000
1040.850000
1041.060000
1041.340000
1041.620000
1041.700000
1041.900000
1042.230000
1042.380000
1042.490000
1042.710000
1042.870000
1043.090000
1043.300000
1043.480000
1043.640000
1043.900000
1044.120000
1044.280000
1044.490000
1044.700000
1044.940000
1045.080000
1045.270000
1045.480000
1045.710000
1045.900000
1046.170000
1046.290000
1046.490000
1046.770000
1046.870000
1047.120000
1047.240000
1047.500000
1047.730000
1047.890000
1048.110000
1048.270000
1048.510000
1048.680000
1048.870000
1049.020000
1049.330000
1049.550000
1049.720000
1049.860000
1050.110000
1050.320000
1050.470000
1050.730000
1050.920000
1051.130000
1051.350000
1051.560000
1051.810000
1051.940000
1052.110000
1052.240000
1052.500000
1052.730000
1052.950000
1053.180000
1053.250000
1053.500000
1053.710000
1053.930000
1054.180000
1054.280000
1054.480000
1054.690000
1054.980000
1055.120000
1055.300000
1055.460000
1055.700000
1055.940000
1056.060000
1056.270000
1056.580000
1056.660000
1056.950000
1057.120000
1057.260000
1057.470000
1057.660000
1057.840000
1058.070000
1058.330000
1058.510000
1058.680000
1058.840000
1059.080000
1059.320000
1059.530000
1059.750000
1059.900000
1060.130000
1060.380000
1060.500000
1060.680000
1060.850000
1061.180000
1061.350000
1061.520000
1061.710000
1061.910000
1062.070000
1062.320000
1062.480000
1062.660000
1062.880000
1063.090000
1063.380000
1063.530000
1063.640000
1063.860000
1064.140000
1064.370000
1064.560000
1064.650000
1064.850000
1065.050000
1065.350000
1065.490000
1065.760000
1065.950000
1066.140000
1066.340000
1066.510000
1066.720000
1066.910000
1067.070000
1067.270000
1067.560000
1067.690000
1067.920000
1068.090000
1068.350000
1068.600000
1068.780000
1068.890000
1069.120000
1069.350000
1069.540000
1069.700000
1069.920000
1070.220000
1070.330000
1070.470000
1070.710000
1070.860000
1071.080000
1071.350000
1071.500000
1071.690000
1071.890000
1072.080000
1072.270000
1072.510000
1072.720000
1072.940000
1073.120000
1073.300000
1073.430000
1073.680000
1073.900000
1074.110000
1074.310000
1074.470000
1074.730000
1074.940000
1075.120000
1075.320000
1075.570000
1075.740000
1075.860000
1076.120000
1076.260000
1076.570000
1076.750000
1076.900000
1077.210000
1077.300000
1077.540000
1077.740000
1077.960000
1078.060000
1078.360000
1078.490000
1078.730000
1078.990000
1079.120000
1079.390000
1079.470000
1079.620000
1079.900000
1080.060000
1080.300000
1080.510000
1080.660000
1080.890000
1081.150000
1081.340000
1081.500000
1081.660000
1081.980000
1082.080000
