547.258000
547.506000
547.647000
547.889000
548.114000
548.267000
548.420000
548.660000
548.819000
549.029000
549.323000
549.532000
549.786000
549.864000
550.079000
550.325000
550.456000
550.652000
550.793000
551.145000
551.240000
551.444000
551.664000
551.830000
552.121000
552.236000
552.475000
552.655000
552.958000
553.055000
553.273000
553.520000
553.695000
553.897000
554.024000
554.260000
554.483000
554.736000
554.882000
554.993000
555.259000
555.461000
555.672000
555.844000
556.140000
556.339000
556.523000
556.651000
556.881000
557.131000
557.350000
557.471000
557.639000
557.797000
558.108000
558.163000
558.518000
558.687000
558.883000
559.075000
559.244000
559.551000
559.680000
559.935000
560.179000
560.259000
560.426000
560.724000
560.968000
561.075000
561.316000
561.483000
561.657000
561.820000
562.029000
562.227000
562.441000
562.677000
562.993000
563.065000
563.257000
563.459000
563.647000
563.795000
564.056000
564.358000
564.568000
564.729000
564.828000
565.027000
565.287000
565.483000
565.772000
565.833000
566.105000
566.257000
566.465000
566.633000
566.860000
567.107000
567.323000
567.407000
567.737000
567.934000
568.104000
568.240000
568.438000
568.599000
569.003000
568.808000
569.086000
569.198000
569.400000
569.667000
569.887000
569.991000
570.219000
570.438000
570.588000
570.803000
571.074000
571.282000
571.438000
571.677000
571.895000
572.109000
572.216000
572.381000
572.641000
572.849000
573.057000
573.179000
573.397000
573.549000
573.811000
573.971000
574.166000
574.446000
574.593000
574.687000
575.034000
575.261000
575.497000
575.614000
575.861000
576.056000
576.145000
576.407000
576.638000
576.837000
577.081000
577.273000
577.457000
577.674000
577.857000
578.011000
578.211000
578.400000
578.620000
578.817000
579.036000
579.261000
579.435000
579.561000
579.815000
580.112000
580.335000
580.454000
580.658000
580.800000
581.045000
581.319000
581.374000
581.576000
581.829000
582.072000
582.235000
582.371000
582.596000
582.844000
583.016000
583.243000
583.480000
583.590000
583.775000
584.076000
584.196000
584.462000
584.639000
584.832000
585.083000
585.297000
585.433000
585.661000
585.858000
585.944000
586.168000
586.499000
586.631000
586.878000
587.050000
587.222000
587.404000
587.610000
587.766000
588.031000
588.208000
588.452000
588.633000
588.811000
589.053000
589.264000
589.464000
589.568000
589.818000
590.089000
590.218000
590.373000
590.653000
590.770000
591.049000
591.294000
591.418000
591.627000
591.857000
592.071000
592.250000
592.381000
592.639000
592.793000
593.029000
593.285000
593.540000
593.666000
593.790000
593.966000
594.271000
594.506000
594.558000
594.797000
595.007000
595.214000
595.446000
595.680000
595.943000
596.086000
596.241000
596.355000
596.650000
596.892000
597.110000
597.217000
597.448000
597.689000
597.842000
598.087000
598.239000
598.461000
598.636000
598.845000
598.988000
599.266000
599.409000
599.629000
599.709000
600.028000
600.281000
600.490000
600.675000
600.827000
600.964000
601.239000
601.420000
601.645000
601.864000
602.076000
602.257000
602.427000
602.643000
602.908000
603.008000
603.232000
603.471000
603.675000
603.916000
604.066000
604.229000
604.468000
604.590000
604.888000
604.987000
605.251000
605.499000
605.652000
605.884000
606.059000
606.222000
606.443000
606.689000
606.899000
607.084000
607.193000
607.433000
607.685000
607.698000
607.981000
608.256000
608.452000
608.611000
608.835000
608.966000
609.269000
609.395000
609.636000
609.823000
610.025000
610.214000
610.547000
610.611000
610.878000
611.100000
611.213000
611.448000
611.689000
611.765000
612.080000
612.279000
612.402000
612.619000
612.895000
613.028000
613.242000
613.477000
613.628000
613.855000
614.168000
614.236000
614.427000
614.581000
614.847000
615.016000
615.205000
615.315000
615.599000
615.865000
616.097000
616.248000
616.391000
616.661000
616.786000
616.939000
617.180000
617.388000
617.611000
617.827000
618.001000
618.206000
618.370000
618.637000
618.901000
618.923000
619.214000
619.546000
619.761000
619.802000
619.940000
620.190000
620.434000
620.655000
620.883000
621.075000
621.274000
621.463000
621.669000
621.734000
622.085000
622.262000
622.391000
622.604000
622.761000
622.951000
623.287000
623.458000
623.613000
623.816000
624.035000
624.247000
624.434000
624.604000
624.826000
625.014000
625.213000
625.394000
625.524000
625.761000
625.937000
626.202000
626.382000
626.660000
626.813000
626.990000
627.237000
627.493000
627.594000
627.803000
627.975000
628.174000
628.417000
628.661000
628.861000
629.035000
629.181000
629.433000
629.633000
629.902000
630.053000
630.184000
630.411000
630.604000
630.858000
631.003000
631.219000
631.487000
631.676000
631.777000
632.015000
632.194000
632.557000
632.583000
632.739000
633.002000
633.213000
633.440000
633.654000
633.797000
633.970000
634.155000
634.398000
634.605000
634.774000
635.042000
635.152000
635.450000
635.625000
635.834000
636.025000
636.234000
636.510000
636.597000
636.884000
637.001000
637.233000
637.479000
637.606000
637.800000
638.051000
638.218000
638.424000
638.649000
638.863000
639.020000
639.348000
639.436000
639.732000
639.793000
640.040000
640.295000
640.405000
640.635000
640.743000
641.035000
641.297000
641.419000
641.624000
641.831000
642.072000
642.174000
642.464000
642.685000
642.813000
643.065000
643.200000
643.482000
643.541000
643.691000
643.957000
644.263000
644.393000
644.583000
644.789000
644.995000
645.299000
645.446000
645.596000
645.769000
646.024000
646.297000
646.377000
646.593000
646.788000
647.055000
647.197000
647.452000
647.713000
647.785000
647.940000
648.173000
648.504000
648.607000
648.769000
648.888000
649.240000
649.537000
649.687000
649.845000
649.917000
650.156000
650.435000
650.610000
650.829000
651.077000
651.272000
651.481000
651.631000
651.777000
652.001000
652.257000
652.487000
652.642000
652.797000
653.010000
653.265000
653.452000
653.690000
653.894000
653.945000
654.145000
654.344000
654.661000
654.890000
655.006000
655.125000
655.339000
655.691000
655.835000
655.940000
656.137000
656.452000
656.628000
656.909000
657.028000
657.205000
657.367000
657.590000
657.804000
657.893000
658.183000
658.456000
658.641000
658.822000
659.009000
659.234000
659.448000
659.663000
659.813000
659.990000
660.224000
660.473000
660.568000
660.768000
660.919000
661.131000
661.423000
661.534000
661.747000
661.958000
662.200000
662.521000
662.634000
662.768000
663.022000
663.194000
663.393000
663.651000
663.772000
663.916000
664.170000
664.351000
664.589000
664.755000
665.061000
665.193000
665.524000
665.590000
665.843000
666.063000
666.274000
666.463000
666.606000
666.789000
667.059000
667.265000
667.433000
667.630000
667.775000
668.081000
668.155000
668.415000
668.592000
668.786000
668.953000
669.131000
669.434000
669.597000
669.887000
669.947000
670.196000
670.358000
670.584000
670.859000
671.065000
671.215000
671.474000
671.616000
671.823000
672.024000
672.200000
672.431000
672.632000
672.848000
672.969000
673.308000
673.442000
673.671000
673.753000
673.982000
674.250000
674.433000
674.665000
674.809000
675.069000
675.129000
675.463000
675.574000
675.806000
675.964000
676.321000
676.498000
676.644000
676.790000
677.046000
677.229000
677.332000
677.615000
677.763000
678.026000
678.190000
678.424000
678.632000
678.836000
679.107000
679.280000
679.399000
679.573000
679.849000
680.040000
680.263000
680.412000
680.555000
680.852000
681.075000
681.284000
681.377000
681.498000
681.780000
682.055000
682.289000
682.506000
682.690000
682.825000
683.005000
683.260000
683.400000
683.618000
683.852000
684.017000
684.287000
684.332000
684.646000
684.893000
685.068000
685.166000
685.397000
685.590000
685.854000
686.031000
686.324000
686.469000
686.603000
686.720000
686.963000
687.239000
687.475000
687.613000
687.777000
687.957000
688.225000
688.495000
688.614000
688.850000
688.934000
689.281000
689.360000
689.663000
689.811000
689.973000
690.178000
690.425000
690.606000
690.775000
691.017000
691.294000
691.515000
691.641000
691.776000
691.884000
692.210000
692.412000
692.555000
692.849000
693.011000
693.190000
693.429000
693.610000
693.786000
694.049000
694.282000
694.433000
694.622000
694.724000
694.967000
695.260000
695.518000
695.660000
695.911000
696.053000
696.227000
696.514000
696.617000
696.877000
696.964000
697.179000
697.454000
697.584000
697.838000
697.970000
698.230000
698.422000
698.607000
698.838000
698.985000
699.203000
699.422000
699.687000
699.848000
699.986000
700.206000
700.445000
700.654000
700.850000
701.087000
701.280000
701.487000
701.616000
701.849000
702.031000
702.212000
702.397000
702.630000
702.768000
703.042000
703.244000
703.427000
703.590000
703.786000
704.075000
704.203000
704.448000
704.669000
704.728000
704.931000
705.245000
705.462000
705.601000
705.812000
706.069000
706.309000
706.434000
706.561000
706.717000
706.990000
707.143000
707.365000
707.579000
707.776000
708.013000
708.145000
708.349000
708.648000
708.863000
709.036000
709.222000
709.432000
709.649000
709.864000
710.087000
710.259000
710.447000
710.661000
710.796000
711.053000
711.192000
711.445000
711.559000
711.801000
712.050000
712.320000
712.313000
712.564000
712.780000
712.978000
713.220000
713.433000
713.571000
713.850000
713.918000
714.254000
714.404000
714.553000
714.715000
715.006000
715.197000
715.438000
715.601000
715.793000
715.960000
716.166000
716.431000
716.662000
716.830000
717.008000
717.183000
717.376000
717.627000
717.743000
717.951000
718.205000
718.459000
718.699000
718.832000
719.034000
719.183000
719.429000
719.578000
719.844000
720.069000
720.238000
720.488000
720.588000
720.776000
720.977000
721.164000
721.412000
721.647000
721.777000
722.003000
722.209000
722.431000
722.661000
722.932000
722.966000
723.144000
723.465000
723.576000
723.866000
724.038000
724.107000
724.369000
724.648000
724.824000
724.932000
725.099000
725.339000
725.581000
725.775000
725.952000
726.183000
726.410000
726.607000
726.819000
727.040000
727.262000
727.324000
727.596000
727.829000
728.026000
728.229000
728.445000
728.467000
728.750000
728.926000
729.147000
729.440000
729.594000
729.824000
730.031000
730.180000
730.453000
730.570000
730.836000
731.029000
731.238000
731.370000
731.638000
731.801000
731.978000
732.195000
732.442000
732.685000
732.796000
733.068000
733.094000
733.374000
733.679000
733.814000
734.005000
734.142000
734.431000
734.634000
734.870000
735.090000
735.268000
735.417000
735.599000
735.839000
736.073000
736.233000
736.385000
736.660000
736.866000
737.149000
737.283000
737.421000
737.618000
737.829000
738.046000
738.251000
738.346000
738.510000
738.752000
738.983000
739.081000
739.443000
739.611000
739.904000
740.051000
740.248000
740.401000
740.603000
740.826000
740.938000
741.272000
741.440000
741.669000
741.800000
742.000000
742.250000
742.461000
742.640000
742.809000
742.997000
743.240000
743.474000
743.556000
743.828000
744.113000
744.256000
744.539000
744.535000
744.863000
745.088000
745.257000
745.451000
745.658000
745.816000
746.132000
746.191000
746.357000
746.627000
746.803000
746.891000
747.268000
747.508000
747.507000
747.765000
748.000000
748.215000
748.417000
748.715000
748.824000
749.016000
749.225000
749.410000
749.478000
749.798000
749.991000
750.229000
750.293000
750.571000
750.742000
751.047000
751.215000
751.316000
751.540000
751.831000
752.083000
752.266000
752.447000
752.637000
752.936000
753.073000
753.205000
753.426000
753.682000
753.875000
754.046000
754.197000
754.453000
754.646000
754.878000
755.035000
755.198000
755.371000
755.600000
755.847000
756.077000
756.222000
756.431000
756.593000
756.782000
756.998000
757.185000
757.444000
757.569000
757.788000
758.028000
758.241000
758.459000
758.725000
758.829000
758.994000
759.335000
759.387000
759.619000
759.788000
759.921000
760.198000
760.462000
760.633000
760.882000
761.054000
761.226000
761.462000
761.580000
761.795000
762.088000
762.277000
762.451000
762.626000
762.788000
762.995000
763.269000
763.474000
763.677000
763.890000
763.921000
764.179000
764.405000
764.650000
764.786000
765.018000
765.287000
765.416000
765.666000
765.843000
766.021000
766.185000
766.401000
766.569000
766.733000
767.148000
767.306000
767.452000
767.597000
767.807000
767.879000
768.208000
768.456000
768.632000
768.775000
769.031000
769.265000
769.401000
769.573000
769.861000
770.031000
770.259000
770.426000
770.615000
770.794000
771.012000
771.155000
771.408000
771.632000
771.781000
772.066000
772.160000
772.445000
772.598000
772.760000
773.036000
773.218000
773.428000
773.553000
773.809000
773.992000
774.232000
774.393000
774.623000
774.854000
775.038000
775.151000
775.348000
775.648000
775.918000
776.067000
776.261000
776.449000
776.652000
776.890000
777.037000
777.162000
777.383000
777.581000
777.780000
778.031000
778.277000
778.460000
778.650000
778.780000
779.000000
779.231000
779.426000
779.659000
779.834000
779.999000
780.196000
780.467000
780.634000
780.854000
781.096000
781.335000
781.369000
781.576000
781.777000
782.101000
782.231000
782.470000
782.596000
782.837000
783.018000
783.247000
783.421000
783.603000
783.760000
783.946000
784.170000
784.419000
784.691000
784.751000
785.031000
785.297000
785.412000
785.580000
785.829000
786.015000
786.252000
786.392000
786.695000
786.853000
787.064000
787.169000
787.423000
787.590000
787.722000
788.067000
788.237000
788.471000
788.658000
788.855000
789.082000
789.282000
789.488000
789.623000
789.749000
790.015000
790.161000
790.413000
790.578000
790.784000
790.916000
791.210000
791.387000
791.523000
791.799000
792.028000
792.168000
792.355000
792.576000
792.912000
793.065000
793.241000
793.294000
793.644000
793.846000
794.053000
794.285000
794.396000
794.612000
794.820000
795.036000
795.305000
795.361000
795.585000
795.827000
796.116000
796.325000
796.424000
796.668000
796.873000
797.015000
797.200000
797.479000
797.606000
797.880000
798.062000
798.360000
798.508000
798.586000
798.808000
799.016000
799.172000
799.411000
799.643000
799.858000
799.885000
800.206000
800.377000
800.614000
800.738000
801.013000
801.121000
801.370000
801.661000
801.731000
802.062000
802.272000
802.485000
802.701000
802.822000
802.929000
803.220000
803.423000
803.582000
803.860000
804.010000
804.166000
804.414000
804.691000
804.797000
805.068000
805.269000
805.395000
805.680000
805.859000
806.045000
806.095000
806.478000
806.693000
806.851000
806.980000
807.222000
807.425000
807.542000
807.749000
808.000000
808.229000
808.485000
808.587000
808.850000
809.005000
809.173000
809.360000
809.676000
809.815000
809.919000
810.262000
810.483000
810.617000
810.786000
811.070000
811.219000
811.398000
811.609000
811.865000
812.021000
812.283000
812.485000
812.666000
812.875000
813.038000
813.145000
813.376000
813.665000
813.889000
813.968000
814.208000
814.465000
814.702000
814.872000
815.007000
815.284000
815.424000
815.649000
815.884000
816.167000
816.230000
816.391000
816.587000
816.716000
817.091000
817.114000
817.407000
817.559000
817.726000
817.939000
818.255000
818.416000
818.649000
818.795000
819.094000
819.213000
819.408000
819.542000
819.810000
820.065000
820.243000
820.400000
820.669000
820.817000
821.021000
821.246000
821.363000
821.600000
821.888000
821.956000
822.179000
822.369000
822.636000
822.797000
822.960000
823.255000
823.563000
823.702000
823.790000
824.004000
824.216000
824.536000
824.731000
824.811000
824.981000
825.289000
825.414000
825.669000
825.888000
826.042000
826.267000
826.309000
826.508000
826.876000
827.011000
827.173000
827.377000
827.723000
827.877000
828.081000
828.278000
828.411000
828.615000
828.799000
829.050000
829.176000
829.373000
829.704000
829.760000
829.898000
830.258000
830.384000
830.668000
830.815000
831.016000
831.220000
831.381000
831.580000
831.808000
832.022000
832.150000
832.462000
832.615000
832.851000
833.101000
833.272000
833.445000
833.656000
833.798000
833.969000
834.225000
834.480000
834.536000
834.729000
834.903000
835.218000
835.445000
835.659000
835.810000
835.910000
836.193000
836.460000
836.622000
836.744000
837.046000
837.317000
837.378000
837.590000
837.803000
837.951000
838.286000
838.547000
838.644000
838.840000
838.942000
839.227000
839.416000
839.541000
839.748000
839.974000
840.258000
840.455000
840.612000
840.739000
841.004000
841.287000
841.469000
841.758000
841.843000
842.057000
842.289000
842.406000
842.620000
842.800000
842.988000
843.219000
843.424000
843.600000
843.764000
843.932000
844.221000
844.468000
844.618000
844.845000
844.969000
845.193000
845.537000
845.664000
845.780000
846.046000
846.254000
846.475000
846.634000
846.846000
847.135000
847.143000
847.426000
847.578000
847.786000
848.104000
848.231000
848.362000
848.615000
848.790000
848.975000
849.240000
849.429000
849.582000
849.799000
850.020000
850.284000
850.371000
850.594000
850.879000
851.036000
851.181000
851.499000
851.632000
851.851000
852.111000
852.236000
852.377000
852.632000
852.824000
852.915000
853.193000
853.299000
853.595000
853.836000
854.051000
854.195000
854.499000
854.634000
854.781000
855.092000
855.198000
855.412000
855.687000
855.795000
855.948000
856.209000
856.419000
856.613000
856.846000
856.991000
857.154000
857.341000
857.666000
857.805000
857.978000
858.181000
858.485000
858.692000
858.804000
859.052000
859.186000
859.443000
859.611000
859.849000
860.014000
860.249000
860.486000
860.627000
860.829000
860.986000
861.175000
861.380000
861.568000
861.863000
861.899000
862.202000
862.370000
862.561000
862.786000
863.075000
863.208000
863.388000
863.625000
863.847000
864.040000
864.299000
864.507000
864.585000
864.857000
865.035000
865.271000
865.470000
865.581000
865.869000
866.021000
866.228000
866.453000
866.669000
866.782000
866.904000
867.188000
867.541000
867.645000
867.887000
868.033000
868.286000
868.421000
868.658000
868.815000
869.070000
869.337000
869.396000
869.599000
869.782000
869.905000
870.339000
870.457000
870.611000
870.788000
871.004000
871.266000
871.367000
871.589000
871.782000
872.031000
872.198000
872.316000
872.634000
872.769000
873.048000
873.251000
873.457000
873.638000
873.882000
874.067000
874.220000
874.353000
874.613000
874.776000
875.082000
875.309000
875.450000
875.596000
875.874000
876.044000
876.278000
876.507000
876.527000
876.716000
877.004000
877.181000
877.502000
877.616000
877.767000
877.997000
878.275000
878.435000
878.728000
878.774000
878.943000
879.146000
879.470000
879.713000
879.809000
880.093000
880.244000
880.448000
880.707000
880.932000
881.044000
881.108000
881.323000
881.644000
881.818000
881.966000
882.267000
882.410000
882.628000
882.727000
882.977000
883.150000
883.486000
883.698000
883.854000
884.046000
884.186000
884.374000
884.682000
884.837000
885.029000
885.208000
885.498000
885.627000
885.868000
886.120000
886.264000
886.428000
886.601000
886.850000
887.083000
887.200000
887.406000
887.630000
887.731000
887.951000
888.207000
888.291000
888.568000
888.804000
888.955000
889.168000
889.501000
889.650000
889.825000
889.998000
890.306000
890.459000
890.644000
890.849000
890.966000
891.192000
891.488000
891.718000
891.830000
891.924000
892.188000
892.420000
892.675000
892.850000
893.018000
893.172000
893.367000
893.673000
893.739000
894.062000
894.177000
894.438000
894.668000
894.892000
895.044000
895.278000
895.426000
895.639000
895.846000
896.003000
896.227000
896.369000
896.608000
896.769000
896.968000
897.188000
897.451000
897.656000
897.731000
898.107000
898.239000
898.443000
898.581000
898.838000
899.073000
899.265000
899.407000
899.637000
899.851000
899.940000
900.282000
900.503000
900.677000
900.892000
901.059000
901.231000
901.433000
901.598000
901.816000
902.031000
902.194000
902.394000
902.681000
902.920000
903.102000
903.172000
903.483000
903.610000
903.802000
904.074000
904.185000
904.431000
904.604000
904.862000
904.969000
905.184000
905.348000
905.589000
905.873000
906.036000
906.187000
906.419000
906.700000
906.802000
907.083000
907.232000
907.457000
907.721000
907.795000
908.065000
908.315000
908.493000
908.653000
908.745000
909.018000
909.298000
909.389000
909.621000
909.774000
910.042000
910.248000
910.391000
910.617000
910.815000
911.062000
911.301000
911.411000
911.718000
911.792000
912.057000
912.179000
912.449000
912.611000
912.801000
913.093000
913.245000
913.543000
913.632000
913.820000
914.022000
914.300000
914.418000
914.550000
914.789000
915.018000
915.283000
915.444000
915.641000
915.793000
916.061000
916.235000
916.404000
916.637000
916.732000
916.928000
917.301000
917.428000
917.636000
917.638000
918.067000
918.275000
918.415000
918.603000
918.813000
919.088000
919.139000
919.495000
919.672000
919.844000
919.988000
920.254000
920.423000
920.724000
920.879000
921.175000
921.317000
921.470000
921.652000
921.834000
922.010000
922.149000
922.400000
922.707000
922.837000
923.051000
923.200000
923.363000
923.602000
923.824000
923.996000
924.223000
924.517000
924.634000
924.866000
925.092000
925.256000
925.424000
925.604000
925.873000
925.907000
926.219000
926.467000
926.657000
926.877000
927.013000
927.212000
927.431000
927.634000
927.792000
928.111000
928.237000
928.396000
928.579000
928.730000
929.065000
929.311000
929.491000
929.686000
929.841000
930.092000
930.238000
930.481000
930.672000
930.865000
931.029000
931.216000
931.397000
931.622000
931.798000
932.012000
932.295000
932.401000
932.611000
932.818000
933.107000
933.201000
933.478000
933.632000
933.835000
934.050000
934.362000
934.390000
934.633000
934.880000
935.043000
935.208000
935.477000
935.666000
935.781000
935.991000
936.243000
936.534000
936.650000
936.859000
937.038000
937.277000
937.452000
937.679000
937.786000
938.054000
938.236000
938.471000
938.627000
938.852000
939.073000
939.245000
939.424000
939.762000
939.843000
940.002000
940.222000
940.418000
940.614000
940.860000
941.024000
941.134000
941.355000
941.547000
941.772000
941.980000
942.247000
942.479000
942.651000
942.931000
943.025000
943.148000
943.461000
943.651000
943.926000
944.019000
944.108000
944.430000
944.613000
944.836000
945.073000
945.278000
945.403000
945.625000
945.831000
946.056000
946.299000
946.483000
946.629000
946.887000
947.053000
947.189000
947.495000
947.652000
947.799000
947.968000
948.129000
948.303000
948.687000
948.830000
948.985000
949.155000
949.370000
949.614000
949.796000
950.094000
950.241000
950.511000
950.642000
950.878000
951.080000
951.304000
951.458000
951.691000
951.861000
952.011000
952.251000
952.473000
952.661000
952.757000
953.066000
953.202000
953.377000
953.603000
953.801000
954.085000
954.308000
954.402000
954.669000
954.841000
954.991000
955.260000
955.433000
955.657000
955.851000
956.095000
956.244000
956.445000
956.658000
956.831000
957.044000
957.257000
957.456000
957.591000
957.819000
957.972000
958.286000
958.427000
958.604000
958.800000
959.008000
959.213000
959.412000
959.687000
959.920000
959.983000
960.155000
960.397000
960.628000
960.838000
961.067000
961.193000
961.442000
961.616000
961.773000
962.050000
962.324000
962.486000
962.561000
962.819000
963.046000
963.283000
963.476000
963.700000
963.858000
963.938000
964.259000
964.518000
964.711000
964.808000
965.014000
965.200000
965.580000
965.744000
965.828000
966.014000
966.166000
966.329000
966.633000
966.931000
967.083000
967.267000
967.505000
967.706000
967.802000
968.016000
968.263000
968.455000
968.673000
968.834000
969.067000
969.194000
969.456000
969.696000
969.877000
969.958000
970.232000
970.526000
970.692000
970.802000
971.040000
971.172000
971.487000
971.622000
971.882000
972.055000
972.266000
972.467000
972.700000
972.816000
973.040000
973.293000
973.479000
973.678000
973.839000
974.066000
974.270000
974.430000
974.601000
974.858000
975.096000
975.210000
975.409000
975.663000
975.773000
976.090000
976.194000
976.434000
976.621000
976.882000
977.029000
977.207000
977.477000
977.623000
977.876000
978.036000
978.182000
978.454000
978.606000
978.717000
979.044000
979.198000
979.383000
979.608000
979.817000
980.083000
980.297000
980.441000
980.627000
980.864000
980.988000
981.194000
981.477000
981.631000
981.847000
982.027000
982.266000
982.480000
982.674000
982.876000
983.059000
983.222000
983.382000
983.699000
983.915000
984.033000
984.204000
984.466000
984.604000
984.791000
985.054000
985.220000
985.371000
985.675000
985.875000
986.080000
986.317000
986.470000
986.587000
986.890000
987.057000
987.298000
987.396000
987.690000
987.899000
988.048000
988.159000
988.432000
988.645000
988.891000
989.026000
989.215000
989.352000
989.679000
989.792000
990.063000
990.271000
990.552000
990.623000
990.795000
991.046000
991.235000
991.434000
991.687000
991.795000
991.966000
992.259000
992.415000
992.665000
992.847000
993.004000
993.144000
993.426000
993.656000
993.897000
993.949000
994.162000
994.464000
994.682000
994.851000
995.026000
995.202000
995.436000
995.666000
995.964000
996.117000
996.272000
996.401000
996.623000
996.900000
997.019000
997.172000
997.366000
997.654000
997.939000
998.083000
998.197000
998.470000
998.659000
998.838000
999.105000
999.331000
999.419000
999.653000
999.775000
1000.030000
1000.240000
1000.420000
1000.650000
1000.870000
1000.990000
1001.170000
1001.380000
1001.630000
1001.800000
1001.970000
1002.230000
1002.360000
1002.720000
1002.860000
1003.070000
1003.260000
1003.480000
1003.680000
1003.820000
1003.970000
1004.230000
1004.340000
1004.620000
1004.850000
1005.030000
1005.250000
1005.530000
1005.690000
1005.740000
1006.000000
1006.290000
1006.470000
1006.630000
1006.820000
1007.080000
1007.260000
1007.480000
1007.600000
1007.820000
1008.000000
1008.200000
1008.470000
1008.560000
1008.880000
1009.000000
1009.200000
1009.320000
1009.520000
1009.860000
1009.980000
1010.250000
1010.410000
1010.660000
1010.870000
1011.050000
1011.230000
1011.450000
1011.630000
1011.850000
1011.970000
1012.260000
1012.370000
1012.570000
1012.860000
1013.090000
1013.220000
1013.490000
1013.600000
1013.690000
1013.990000
1014.260000
1014.390000
1014.620000
1014.750000
1015.050000
1015.230000
1015.390000
1015.630000
1015.870000
1016.060000
1016.280000
1016.530000
1016.730000
1016.850000
1017.050000
1017.200000
1017.470000
1017.630000
1017.880000
1018.000000
1018.170000
1018.360000
1018.610000
1018.800000
1019.050000
1019.120000
1019.400000
1019.570000
1019.800000
1020.070000
1020.240000
1020.390000
1020.530000
1020.890000
1021.030000
1021.210000
1021.380000
1021.670000
1021.910000
1021.980000
1022.250000
1022.410000
1022.640000
1022.760000
1023.030000
1023.230000
1023.450000
1023.640000
1023.800000
1024.010000
1024.300000
1024.370000
1024.690000
1024.850000
1025.130000
1025.350000
1025.440000
1025.660000
1025.870000
1026.130000
1026.260000
1026.370000
1026.650000
1026.900000
1027.030000
1027.210000
1027.340000
1027.600000
1027.750000
1028.000000
1028.310000
1028.400000
1028.580000
1028.860000
1028.980000
1029.260000
1029.530000
1029.650000
1029.800000
1030.010000
1030.250000
1030.540000
1030.720000
1030.750000
1030.960000
1031.260000
1031.350000
1031.640000
1031.900000
1032.010000
1032.210000
1032.430000
1032.670000
1032.800000
1033.110000
1033.330000
1033.500000
1033.710000
1033.890000
1033.990000
1034.220000
1034.480000
1034.720000
1034.860000
1034.970000
1035.150000
1035.480000
1035.670000
1035.850000
1035.950000
1036.040000
1036.370000
1036.670000
1036.750000
1037.000000
1037.160000
1037.510000
1037.610000
1037.780000
1037.980000
1038.200000
1038.450000
1038.670000
1038.890000
1038.990000
1039.160000
1039.480000
1039.710000
1039.790000
1040.050000
1040.190000
1040.390000
1040.600000
1040.850000
1040.970000
1041.180000
1041.450000
1041.670000
1041.810000
1042.040000
1042.210000
1042.510000
1042.640000
1042.900000
1043.020000
1043.210000
1043.450000
1043.560000
1043.910000
1044.060000
1044.210000
1044.390000
1044.610000
1044.820000
1045.020000
1045.210000
1045.440000
1045.690000
1045.830000
1045.960000
1046.190000
1046.420000
1046.610000
1046.790000
1047.020000
