582.906000
583.170000
583.439000
583.551000
583.747000
583.990000
584.183000
584.401000
584.598000
584.792000
584.922000
585.170000
585.335000
585.548000
585.726000
585.959000
586.192000
586.347000
586.675000
586.723000
586.940000
587.146000
587.320000
587.529000
587.772000
587.894000
588.074000
588.318000
588.559000
588.758000
589.004000
589.180000
589.306000
589.612000
589.788000
589.959000
590.143000
590.296000
590.570000
590.828000
590.976000
591.124000
591.388000
591.540000
591.741000
591.923000
592.101000
592.391000
592.660000
592.859000
592.958000
593.185000
593.412000
593.624000
593.802000
594.046000
594.261000
594.437000
594.574000
594.774000
595.076000
595.202000
595.411000
595.618000
595.757000
596.005000
596.203000
596.387000
596.582000
596.749000
596.949000
597.168000
597.367000
597.580000
597.798000
597.952000
598.161000
598.368000
598.587000
598.784000
598.947000
599.167000
599.378000
599.560000
599.755000
599.989000
600.242000
600.396000
600.572000
600.774000
601.031000
601.176000
601.372000
601.523000
601.871000
602.048000
602.234000
602.393000
602.510000
602.802000
602.998000
603.131000
603.324000
603.598000
603.755000
604.041000
604.091000
604.317000
604.548000
604.781000
604.986000
605.203000
605.354000
605.571000
605.780000
605.988000
606.162000
606.311000
606.540000
606.810000
606.919000
607.178000
607.355000
607.559000
607.720000
607.940000
608.158000
608.389000
608.541000
608.851000
609.003000
609.180000
609.388000
609.629000
609.756000
609.931000
610.201000
610.471000
610.596000
610.829000
611.078000
611.224000
611.421000
611.576000
611.750000
611.919000
612.214000
612.407000
612.657000
612.895000
612.945000
613.192000
613.456000
613.574000
613.821000
613.980000
614.199000
614.412000
614.612000
614.847000
615.010000
615.110000
615.371000
615.533000
615.768000
616.014000
616.182000
616.336000
616.526000
616.822000
616.965000
617.100000
617.342000
617.601000
617.799000
617.977000
618.167000
618.356000
618.621000
618.742000
619.032000
619.222000
619.459000
619.558000
619.797000
619.958000
620.250000
620.489000
620.576000
620.767000
621.030000
621.236000
621.416000
621.655000
621.745000
621.991000
622.297000
622.412000
622.616000
622.832000
622.980000
623.141000
623.441000
623.600000
623.734000
623.983000
624.180000
624.411000
624.678000
624.798000
624.985000
625.180000
625.338000
625.616000
625.800000
625.946000
626.202000
626.390000
626.573000
626.782000
627.002000
627.156000
627.422000
627.631000
627.689000
627.849000
628.157000
628.354000
628.547000
628.786000
628.952000
629.154000
629.410000
629.583000
629.790000
629.986000
630.209000
630.381000
630.621000
630.836000
631.020000
631.176000
631.403000
631.633000
631.771000
631.975000
632.222000
632.427000
632.566000
632.760000
632.975000
633.175000
633.341000
633.604000
633.774000
633.995000
634.179000
634.417000
634.566000
634.774000
634.931000
635.230000
635.507000
635.572000
635.742000
635.984000
636.181000
636.456000
636.653000
636.747000
637.014000
637.147000
637.366000
637.617000
637.809000
637.952000
638.185000
638.468000
638.622000
638.768000
638.941000
639.212000
639.338000
639.598000
639.808000
640.042000
640.176000
640.438000
640.571000
640.790000
641.014000
641.204000
641.432000
641.598000
641.850000
641.952000
642.284000
642.471000
642.536000
642.790000
642.971000
643.254000
643.454000
643.632000
643.803000
644.032000
644.205000
644.401000
644.593000
644.885000
645.007000
645.159000
645.427000
645.645000
645.879000
646.065000
646.235000
646.385000
646.657000
646.845000
647.025000
647.203000
647.474000
647.556000
647.758000
648.027000
648.202000
648.294000
648.638000
648.792000
648.957000
649.181000
649.463000
649.586000
649.772000
650.015000
650.226000
650.420000
650.588000
650.756000
650.914000
651.197000
651.367000
651.539000
651.762000
652.027000
652.187000
652.350000
652.532000
652.775000
653.069000
653.160000
653.323000
653.510000
653.827000
653.973000
654.229000
654.338000
654.578000
654.775000
654.967000
655.170000
655.415000
655.531000
655.692000
655.965000
656.307000
656.404000
656.597000
656.712000
656.954000
657.228000
657.385000
657.569000
657.807000
658.047000
658.172000
658.317000
658.633000
658.823000
658.984000
659.209000
659.468000
659.614000
659.742000
660.017000
660.178000
660.371000
660.685000
660.778000
660.935000
661.142000
661.429000
661.575000
661.740000
661.956000
662.203000
662.361000
662.581000
662.749000
662.977000
663.154000
663.429000
663.591000
663.783000
663.984000
664.222000
664.355000
664.678000
664.841000
664.911000
665.090000
665.378000
665.580000
665.821000
665.966000
666.147000
666.384000
666.583000
666.828000
667.052000
667.110000
667.370000
667.549000
667.777000
667.917000
668.179000
668.356000
668.549000
668.717000
668.974000
669.147000
669.389000
669.546000
669.814000
669.958000
670.189000
670.406000
670.639000
670.701000
671.023000
671.183000
671.355000
671.657000
671.828000
671.987000
672.152000
672.416000
672.655000
672.808000
672.922000
673.178000
673.333000
673.541000
673.757000
673.954000
674.220000
674.368000
674.523000
674.758000
674.975000
675.185000
675.446000
675.575000
675.824000
675.959000
676.113000
676.362000
676.539000
676.817000
676.986000
677.220000
677.411000
677.540000
677.814000
677.956000
678.086000
678.305000
678.530000
678.744000
678.998000
679.119000
679.325000
679.504000
679.811000
679.914000
680.167000
680.366000
680.537000
680.866000
681.026000
681.174000
681.355000
681.572000
681.758000
681.983000
682.226000
682.409000
682.694000
682.758000
682.911000
683.141000
683.378000
683.581000
683.783000
683.947000
684.221000
684.356000
684.536000
684.766000
685.012000
685.200000
685.306000
685.607000
685.772000
685.973000
686.161000
686.339000
686.585000
686.724000
686.965000
687.134000
687.405000
687.570000
687.858000
688.061000
688.188000
688.389000
688.559000
688.820000
688.978000
689.135000
689.397000
689.493000
689.801000
690.012000
690.154000
690.441000
690.579000
690.795000
690.950000
691.183000
691.310000
691.537000
691.829000
691.988000
692.158000
692.353000
692.591000
692.732000
693.011000
693.100000
693.288000
693.569000
693.758000
694.006000
694.190000
694.298000
694.517000
694.798000
695.034000
695.152000
695.320000
695.587000
695.857000
696.049000
696.170000
696.444000
696.644000
696.831000
697.049000
697.163000
697.369000
697.593000
697.725000
697.988000
698.181000
698.367000
698.636000
698.785000
699.061000
699.153000
699.407000
699.635000
699.887000
700.022000
700.199000
700.350000
700.577000
700.902000
701.043000
701.243000
701.363000
701.501000
701.788000
702.022000
702.284000
702.428000
702.584000
702.809000
702.994000
703.150000
703.354000
703.570000
703.815000
704.007000
704.192000
704.337000
704.534000
704.805000
704.981000
705.162000
705.406000
705.642000
705.718000
705.961000
706.133000
706.293000
706.546000
706.768000
706.894000
707.180000
707.364000
707.650000
707.784000
708.022000
708.163000
708.398000
708.638000
708.808000
709.033000
709.227000
709.373000
709.512000
709.735000
710.014000
710.232000
710.449000
710.642000
710.779000
711.018000
711.208000
711.430000
711.646000
711.773000
711.969000
712.167000
712.388000
712.623000
712.768000
712.986000
713.214000
713.363000
713.653000
713.728000
713.993000
714.147000
714.406000
714.563000
714.837000
714.986000
715.153000
715.404000
715.531000
715.809000
716.048000
716.162000
716.386000
716.628000
716.837000
716.929000
717.146000
717.437000
717.584000
717.775000
717.959000
718.145000
718.410000
718.540000
718.725000
718.924000
719.129000
719.391000
719.680000
719.764000
719.918000
720.258000
720.418000
720.552000
720.752000
721.041000
721.171000
721.396000
721.665000
721.832000
722.007000
722.177000
722.390000
722.651000
722.823000
723.006000
723.214000
723.451000
723.632000
723.812000
723.947000
724.319000
724.445000
724.586000
724.775000
725.010000
725.213000
725.466000
725.610000
725.762000
726.043000
726.196000
726.402000
726.559000
726.824000
727.043000
727.197000
727.432000
727.549000
727.745000
727.997000
728.201000
728.408000
728.646000
728.781000
728.955000
729.127000
729.430000
729.574000
729.874000
730.017000
730.185000
730.361000
730.604000
730.764000
731.039000
731.160000
731.402000
731.613000
731.797000
731.999000
732.171000
732.405000
732.606000
732.774000
732.997000
733.150000
733.333000
733.646000
733.808000
733.967000
734.177000
734.382000
734.537000
734.788000
735.076000
735.196000
735.427000
735.534000
735.798000
735.977000
736.179000
736.481000
736.595000
736.867000
736.993000
737.203000
737.351000
737.602000
737.752000
737.969000
738.171000
738.376000
738.682000
738.832000
739.018000
739.119000
739.364000
739.609000
739.827000
740.040000
740.196000
740.371000
740.565000
740.714000
740.964000
741.253000
741.401000
741.577000
741.779000
742.001000
742.145000
742.367000
742.525000
742.761000
743.012000
743.170000
743.340000
743.535000
743.823000
743.999000
744.177000
744.305000
744.682000
744.879000
745.024000
745.250000
745.347000
745.603000
745.827000
746.001000
746.238000
746.382000
746.545000
746.849000
746.961000
747.148000
747.370000
747.631000
747.843000
748.054000
748.238000
748.321000
748.514000
748.820000
749.055000
749.232000
749.383000
749.569000
749.750000
750.113000
750.276000
750.377000
750.632000
750.825000
751.002000
751.137000
751.404000
751.631000
751.788000
751.997000
752.139000
752.409000
752.569000
752.799000
752.933000
753.159000
753.428000
753.558000
753.819000
754.020000
754.176000
754.351000
754.592000
754.856000
754.971000
755.240000
755.382000
755.619000
755.821000
755.990000
756.162000
756.340000
756.639000
756.868000
756.991000
757.210000
757.278000
757.665000
757.759000
757.970000
758.154000
758.352000
758.565000
758.738000
758.965000
759.212000
759.281000
759.522000
759.778000
760.091000
760.104000
760.374000
760.609000
760.786000
760.986000
761.250000
761.412000
761.524000
761.863000
762.013000
762.259000
762.469000
762.608000
762.760000
763.007000
763.231000
763.318000
763.578000
763.812000
763.981000
764.142000
764.328000
764.634000
764.759000
764.997000
765.177000
765.389000
765.475000
765.746000
766.012000
766.155000
766.393000
766.621000
766.849000
766.965000
767.235000
767.430000
767.550000
767.716000
768.034000
768.263000
768.422000
768.571000
768.801000
768.951000
769.124000
769.413000
769.728000
769.781000
769.983000
770.184000
770.400000
770.672000
770.818000
770.993000
771.136000
771.397000
771.598000
771.807000
771.983000
772.269000
772.435000
772.618000
772.744000
772.949000
773.256000
773.567000
773.648000
773.726000
774.054000
774.322000
774.499000
774.616000
774.809000
775.027000
775.244000
775.526000
775.653000
775.793000
775.965000
776.256000
776.425000
776.625000
776.857000
776.972000
777.179000
777.402000
777.648000
777.792000
777.971000
778.226000
778.347000
778.600000
778.893000
778.995000
779.196000
779.377000
779.567000
779.777000
779.956000
780.225000
780.367000
780.583000
780.759000
780.948000
781.167000
781.387000
781.571000
781.729000
782.057000
782.282000
782.394000
782.644000
782.748000
782.927000
783.253000
783.448000
783.554000
783.737000
783.957000
784.230000
784.385000
784.613000
784.845000
785.027000
785.181000
785.361000
785.650000
785.782000
785.996000
786.142000
786.402000
786.588000
786.822000
787.059000
787.186000
787.388000
787.617000
787.752000
788.007000
788.188000
788.427000
788.558000
788.793000
788.975000
789.228000
789.428000
789.558000
789.772000
789.969000
790.176000
790.377000
790.573000
790.796000
790.989000
791.231000
791.343000
791.576000
791.821000
791.977000
792.199000
792.401000
792.570000
792.746000
792.918000
793.134000
793.344000
793.600000
793.785000
794.033000
794.194000
794.437000
794.592000
794.795000
794.932000
795.114000
795.413000
795.596000
795.816000
795.988000
796.165000
796.410000
796.604000
796.833000
797.025000
797.250000
797.426000
797.535000
797.797000
797.942000
798.214000
798.299000
798.564000
798.761000
799.030000
799.158000
799.368000
799.591000
799.789000
799.984000
800.205000
800.361000
800.588000
800.800000
801.035000
801.180000
801.353000
801.541000
801.748000
801.962000
802.205000
802.396000
802.527000
802.739000
802.985000
803.237000
803.407000
803.563000
803.788000
804.016000
804.209000
804.398000
804.605000
804.938000
804.977000
805.207000
805.389000
805.567000
805.837000
805.978000
806.154000
806.379000
806.586000
806.711000
806.938000
807.124000
807.376000
807.542000
807.754000
808.040000
808.246000
808.343000
808.548000
808.747000
808.971000
809.164000
809.322000
809.570000
809.770000
809.959000
810.167000
810.336000
810.556000
810.760000
810.986000
811.234000
811.414000
811.510000
811.754000
811.986000
812.211000
812.399000
812.585000
812.758000
813.005000
813.212000
813.379000
813.547000
813.687000
814.045000
814.221000
814.401000
814.494000
814.732000
815.024000
815.191000
815.379000
815.518000
815.750000
815.856000
816.162000
816.403000
816.638000
816.751000
816.976000
817.208000
817.333000
817.589000
817.813000
818.062000
818.156000
818.434000
818.563000
818.785000
819.033000
819.165000
819.435000
819.642000
819.853000
820.020000
820.206000
820.358000
820.534000
820.796000
821.016000
821.155000
821.448000
821.562000
821.797000
821.973000
822.184000
822.376000
822.618000
822.702000
822.975000
823.195000
823.346000
823.545000
823.756000
823.916000
824.091000
824.438000
824.596000
824.755000
824.927000
825.132000
825.345000
825.608000
825.726000
826.026000
826.150000
826.344000
826.436000
826.691000
827.053000
827.187000
827.412000
827.542000
827.762000
828.059000
828.194000
828.315000
828.533000
828.792000
828.954000
829.250000
829.405000
829.498000
829.754000
829.900000
830.097000
830.255000
830.541000
830.814000
830.965000
831.318000
831.370000
831.568000
831.771000
831.937000
832.175000
832.409000
832.621000
832.759000
832.945000
833.209000
833.364000
833.596000
833.740000
833.977000
834.188000
834.372000
834.559000
834.752000
834.948000
835.055000
835.365000
835.595000
835.710000
836.001000
836.162000
836.374000
836.540000
836.792000
836.942000
837.213000
837.417000
837.616000
837.755000
837.998000
838.142000
838.399000
838.561000
838.773000
839.028000
839.205000
839.343000
839.550000
839.758000
839.965000
840.094000
840.352000
840.560000
840.761000
841.021000
841.163000
841.434000
841.538000
841.833000
841.983000
842.176000
842.415000
842.590000
842.816000
842.924000
843.170000
843.320000
843.520000
843.742000
843.994000
844.197000
844.387000
844.535000
844.787000
845.007000
845.157000
845.387000
845.652000
845.796000
846.013000
846.126000
846.403000
846.590000
846.732000
846.936000
847.176000
847.352000
847.526000
847.805000
847.997000
848.224000
848.351000
848.537000
848.756000
848.926000
849.128000
849.345000
849.619000
849.794000
849.965000
850.212000
850.385000
850.608000
850.834000
851.071000
851.211000
851.377000
851.593000
851.761000
852.103000
852.148000
852.315000
852.601000
852.820000
852.998000
853.185000
853.327000
853.530000
853.831000
853.998000
854.153000
854.324000
854.606000
854.812000
854.991000
855.138000
855.380000
855.625000
855.813000
856.005000
856.120000
856.392000
856.642000
856.796000
857.019000
857.130000
857.354000
857.618000
857.815000
858.006000
858.157000
858.315000
858.590000
858.822000
859.019000
859.142000
859.411000
859.547000
859.829000
860.002000
860.110000
860.365000
860.522000
860.687000
860.958000
861.188000
861.385000
861.505000
861.728000
861.987000
862.271000
862.349000
862.632000
862.830000
862.971000
863.229000
863.350000
863.574000
863.839000
863.990000
864.179000
864.388000
864.585000
864.734000
865.016000
865.150000
865.427000
865.587000
865.707000
866.012000
866.175000
866.290000
866.505000
866.785000
867.016000
867.241000
867.470000
867.502000
867.767000
867.981000
868.176000
868.328000
868.583000
868.789000
868.982000
869.135000
869.345000
869.668000
869.803000
869.989000
870.170000
870.378000
870.507000
870.754000
870.931000
871.152000
871.297000
871.539000
871.784000
871.948000
872.168000
872.363000
872.546000
872.744000
872.905000
873.222000
873.386000
873.647000
873.769000
874.021000
874.166000
874.383000
874.516000
874.810000
875.035000
875.189000
875.421000
875.591000
875.806000
876.002000
876.206000
876.402000
876.588000
876.836000
876.974000
877.216000
877.371000
877.588000
877.771000
877.916000
878.131000
878.334000
878.564000
878.821000
878.947000
879.128000
879.302000
879.609000
879.838000
879.983000
880.165000
880.411000
880.600000
880.835000
880.940000
881.246000
881.458000
881.650000
881.779000
881.966000
882.251000
882.398000
882.586000
882.715000
883.005000
883.313000
883.368000
883.565000
883.726000
883.941000
884.194000
884.469000
884.622000
884.825000
885.000000
885.271000
885.462000
885.636000
885.755000
886.054000
886.234000
886.404000
886.561000
886.836000
887.019000
887.151000
887.349000
887.630000
887.785000
888.031000
888.140000
888.366000
888.603000
888.770000
889.023000
889.142000
889.340000
889.496000
889.786000
890.016000
890.160000
890.338000
890.554000
890.818000
891.060000
891.192000
891.401000
891.555000
891.781000
891.972000
892.170000
892.454000
892.599000
892.891000
892.951000
893.187000
893.415000
893.650000
893.792000
894.024000
894.178000
894.329000
894.688000
894.893000
895.013000
895.135000
895.346000
895.609000
895.880000
895.987000
896.153000
896.388000
896.537000
896.801000
896.995000
897.171000
897.347000
897.515000
897.720000
897.957000
898.196000
898.367000
898.546000
898.756000
899.043000
899.236000
899.270000
899.472000
899.761000
899.973000
900.213000
900.352000
900.460000
900.733000
901.018000
901.210000
901.391000
901.561000
901.740000
901.987000
902.177000
902.471000
902.617000
902.752000
902.956000
903.195000
903.402000
903.544000
903.729000
903.858000
904.306000
904.374000
904.596000
904.790000
905.038000
905.187000
905.448000
905.655000
905.783000
905.969000
906.213000
906.425000
906.694000
906.856000
907.021000
907.186000
907.426000
907.616000
907.810000
907.963000
908.153000
908.459000
908.631000
908.825000
908.959000
909.185000
909.414000
909.586000
909.798000
909.981000
910.192000
910.385000
910.684000
910.732000
910.936000
911.153000
911.481000
911.620000
911.885000
911.956000
912.131000
912.425000
912.621000
912.740000
912.957000
913.141000
913.300000
913.614000
913.824000
914.029000
914.173000
914.307000
914.557000
914.792000
915.007000
915.208000
915.410000
915.543000
915.780000
916.059000
916.184000
916.457000
916.516000
916.799000
916.985000
917.215000
917.405000
917.593000
917.763000
918.000000
918.216000
918.384000
918.562000
918.852000
919.108000
919.246000
919.422000
919.576000
919.710000
919.970000
920.216000
920.366000
920.541000
920.688000
920.928000
921.189000
921.392000
921.480000
921.857000
922.022000
922.193000
922.371000
922.600000
922.794000
922.951000
923.180000
923.362000
923.593000
923.817000
924.012000
924.155000
924.367000
924.545000
924.795000
924.967000
925.167000
925.360000
925.574000
925.701000
926.042000
926.210000
926.421000
926.515000
926.752000
926.951000
927.177000
927.339000
927.611000
927.755000
927.966000
928.190000
928.348000
928.577000
928.762000
929.000000
929.158000
929.430000
929.561000
929.698000
929.966000
930.242000
930.444000
930.559000
930.724000
930.997000
931.174000
931.378000
931.624000
931.766000
931.902000
932.116000
932.440000
932.539000
932.679000
933.000000
933.215000
933.361000
933.575000
933.807000
933.930000
934.138000
934.347000
934.561000
934.720000
934.930000
935.162000
935.313000
935.566000
935.713000
935.943000
936.118000
936.341000
936.552000
936.784000
936.924000
937.106000
937.374000
937.569000
937.783000
937.948000
938.166000
938.443000
938.559000
938.738000
938.995000
939.197000
939.383000
939.600000
939.784000
939.946000
940.123000
940.474000
940.586000
940.761000
940.972000
941.085000
941.308000
941.521000
941.718000
941.948000
942.114000
942.396000
942.527000
942.768000
942.973000
943.118000
943.313000
943.574000
943.848000
943.992000
944.084000
944.319000
944.532000
944.735000
944.988000
945.119000
945.339000
945.560000
945.784000
945.975000
946.166000
946.287000
946.492000
946.732000
946.983000
947.189000
947.349000
947.566000
947.737000
947.993000
948.185000
948.332000
948.629000
948.783000
949.005000
949.252000
949.328000
949.522000
949.835000
950.001000
950.192000
950.322000
950.498000
950.760000
950.925000
951.227000
951.397000
951.605000
951.839000
952.007000
952.179000
952.387000
952.556000
952.760000
952.985000
953.253000
953.334000
953.561000
953.811000
954.001000
954.157000
954.486000
954.651000
954.867000
954.991000
955.148000
955.398000
955.572000
955.744000
955.940000
956.141000
956.300000
956.526000
956.728000
956.996000
957.128000
957.344000
957.483000
957.765000
958.024000
958.173000
958.380000
958.563000
958.779000
959.011000
959.145000
959.301000
959.587000
959.787000
959.990000
960.074000
960.315000
960.500000
960.803000
960.968000
961.100000
961.362000
961.542000
961.723000
961.966000
962.155000
962.303000
962.516000
962.695000
962.925000
963.156000
963.409000
963.553000
963.796000
963.854000
964.156000
964.361000
964.511000
964.698000
965.006000
965.186000
965.447000
965.612000
965.750000
965.977000
966.204000
966.378000
966.503000
966.815000
966.910000
967.193000
967.332000
967.630000
967.837000
968.005000
968.215000
968.385000
968.612000
968.859000
968.947000
969.114000
969.410000
969.575000
969.740000
969.929000
970.274000
970.292000
970.555000
970.882000
970.998000
971.085000
971.381000
971.621000
971.784000
972.057000
972.103000
972.307000
972.568000
972.768000
972.943000
973.150000
973.372000
973.573000
973.787000
974.077000
974.165000
974.418000
974.517000
974.772000
974.952000
975.225000
975.427000
975.590000
975.734000
975.933000
976.212000
976.442000
976.580000
976.770000
976.912000
977.091000
977.381000
977.566000
977.773000
977.911000
978.152000
978.360000
978.626000
978.775000
978.905000
979.165000
979.246000
979.521000
979.806000
979.910000
980.113000
980.439000
980.581000
980.743000
980.923000
981.090000
981.256000
981.564000
981.709000
982.023000
982.110000
982.332000
982.565000
982.754000
982.934000
983.164000
983.390000
983.683000
983.883000
983.956000
984.219000
984.435000
984.611000
984.860000
985.032000
985.218000
985.485000
985.612000
985.885000
986.052000
986.245000
986.464000
986.535000
986.751000
987.073000
987.256000
987.352000
987.594000
987.753000
987.957000
988.195000
988.335000
988.585000
988.797000
988.966000
989.212000
989.356000
989.598000
989.727000
989.952000
990.088000
990.307000
990.552000
990.747000
990.897000
991.283000
991.407000
991.540000
991.760000
991.913000
992.277000
992.373000
992.531000
992.754000
992.917000
993.192000
993.462000
993.569000
993.811000
994.024000
994.204000
994.331000
994.581000
994.659000
994.900000
995.153000
995.393000
995.588000
995.802000
995.988000
996.189000
996.376000
996.605000
996.712000
996.940000
997.175000
997.459000
997.522000
997.756000
998.039000
998.199000
998.413000
998.636000
998.759000
998.917000
999.202000
999.398000
999.624000
999.771000
1000.020000
1000.180000
1000.390000
1000.590000
1000.750000
1000.930000
1001.180000
1001.420000
1001.610000
1001.710000
1001.970000
1002.170000
1002.330000
1002.560000
1002.780000
1002.940000
1003.190000
1003.300000
1003.560000
1003.780000
1003.980000
1004.280000
1004.360000
1004.550000
1004.690000
1005.020000
1005.190000
1005.360000
1005.550000
1005.770000
1005.990000
1006.260000
1006.350000
1006.540000
1006.800000
1007.010000
1007.190000
1007.420000
1007.570000
1007.850000
1007.960000
1008.190000
1008.430000
1008.570000
1008.730000
1008.940000
1009.160000
1009.410000
1009.570000
1009.850000
1009.950000
1010.210000
1010.380000
1010.540000
1010.760000
1011.030000
1011.280000
1011.390000
1011.590000
1011.790000
1012.050000
1012.260000
1012.370000
1012.610000
1012.830000
1013.000000
1013.170000
1013.420000
1013.570000
1013.760000
1014.040000
1014.290000
1014.380000
1014.530000
1014.790000
1015.110000
1015.240000
1015.430000
1015.530000
1015.810000
1016.000000
1016.250000
1016.460000
1016.570000
1016.780000
1017.000000
1017.180000
1017.350000
1017.640000
1017.890000
1017.970000
1018.170000
1018.390000
1018.600000
1018.790000
1018.960000
1019.140000
1019.330000
1019.630000
1019.730000
1019.980000
1020.170000
1020.400000
1020.680000
1020.770000
1020.960000
1021.170000
1021.390000
1021.600000
1021.810000
1022.020000
1022.140000
1022.350000
1022.540000
1022.840000
1023.050000
1023.180000
1023.390000
1023.490000
1023.790000
1023.950000
1024.160000
1024.320000
1024.670000
1024.850000
1024.990000
1025.180000
1025.360000
1025.710000
1025.780000
1026.000000
1026.210000
1026.370000
1026.590000
1026.840000
1026.910000
1027.230000
1027.480000
1027.610000
1027.690000
1027.960000
1028.190000
1028.350000
1028.580000
1028.770000
1028.950000
1029.160000
1029.270000
1029.500000
1029.760000
1029.940000
1030.150000
1030.420000
1030.600000
1030.850000
1030.980000
1031.120000
1031.370000
1031.660000
1031.750000
1031.970000
1032.160000
1032.460000
1032.640000
1032.840000
1033.090000
1033.230000
1033.390000
1033.630000
1033.790000
1033.990000
1034.190000
1034.470000
1034.640000
1034.790000
1034.940000
1035.220000
1035.350000
1035.570000
1035.810000
1036.000000
1036.220000
1036.360000
1036.520000
1036.880000
1036.920000
1037.160000
1037.320000
1037.580000
1037.790000
1037.990000
1038.180000
1038.420000
1038.620000
1038.730000
1038.960000
1039.220000
1039.420000
1039.630000
1039.820000
1039.980000
1040.180000
1040.390000
1040.540000
1040.840000
1041.010000
1041.170000
1041.400000
1041.570000
1041.840000
1041.950000
1042.210000
1042.350000
1042.570000
1042.820000
1043.030000
1043.220000
1043.320000
1043.570000
1043.790000
1044.020000
1044.220000
1044.350000
1044.560000
1044.720000
1044.970000
1045.160000
1045.400000
1045.600000
1045.890000
1045.940000
1046.130000
1046.390000
1046.650000
1046.790000
1047.010000
1047.200000
1047.330000
1047.590000
1047.770000
1048.060000
1048.260000
1048.350000
1048.560000
1048.800000
1048.950000
1049.190000
1049.410000
1049.550000
1049.730000
1049.970000
1050.200000
1050.410000
1050.590000
1050.800000
1050.970000
1051.190000
1051.350000
1051.630000
1051.770000
1051.980000
1052.160000
1052.340000
1052.590000
1052.670000
1052.930000
1053.290000
1053.360000
1053.560000
1053.740000
1053.960000
1054.210000
1054.350000
1054.570000
1054.790000
1054.970000
1055.170000
1055.410000
1055.590000
1055.690000
1055.960000
1056.170000
1056.350000
1056.560000
1056.790000
1056.970000
1057.220000
1057.440000
1057.590000
1057.750000
1057.930000
1058.210000
1058.400000
1058.630000
1058.780000
1058.930000
1059.110000
1059.360000
1059.660000
1059.890000
1059.990000
1060.130000
1060.380000
1060.610000
1060.820000
1061.050000
1061.240000
1061.400000
1061.620000
1061.790000
1062.040000
1062.190000
1062.430000
1062.530000
1062.840000
1062.950000
1063.210000
1063.390000
1063.530000
1063.760000
1064.010000
1064.120000
1064.360000
1064.620000
1064.740000
1064.880000
1065.180000
1065.320000
1065.580000
1065.770000
1066.040000
1066.190000
1066.380000
1066.580000
1066.790000
1066.970000
1067.120000
1067.350000
1067.500000
1067.770000
1068.000000
1068.180000
1068.420000
1068.590000
1068.760000
1069.050000
1069.180000
1069.440000
1069.580000
1069.830000
1069.970000
1070.120000
1070.440000
1070.660000
1070.800000
1070.990000
1071.160000
1071.320000
1071.550000
1071.820000
1071.940000
1072.160000
1072.290000
1072.590000
1072.770000
1073.000000
1073.200000
1073.350000
1073.510000
1073.740000
1073.970000
1074.170000
1074.350000
1074.560000
1074.740000
1074.950000
1075.200000
1075.400000
1075.600000
1075.800000
1075.930000
1076.140000
1076.360000
1076.540000
1076.800000
1076.970000
1077.110000
1077.390000
1077.510000
1077.760000
1077.950000
1078.180000
1078.450000
1078.610000
1078.740000
1078.950000
1079.150000
1079.380000
1079.530000
1079.790000
1079.930000
1080.190000
1080.380000
1080.630000
1080.810000
1080.970000
1081.100000
1081.400000
1081.640000
1081.800000
1081.940000
1082.170000
1082.470000
1082.550000
1082.780000
1083.020000
