547.866000
548.081000
548.278000
548.542000
548.693000
548.898000
549.034000
549.298000
549.496000
549.662000
549.921000
550.125000
550.244000
550.476000
550.735000
550.935000
551.024000
551.264000
551.518000
551.758000
551.826000
552.047000
552.279000
552.493000
552.684000
552.889000
553.040000
553.282000
553.496000
553.638000
553.917000
554.016000
554.220000
554.544000
554.715000
554.926000
554.966000
555.259000
555.516000
555.708000
555.922000
556.112000
556.260000
556.533000
556.699000
556.806000
557.026000
557.379000
557.519000
557.770000
557.870000
558.151000
558.191000
558.541000
558.651000
558.963000
559.175000
559.328000
559.571000
559.698000
559.863000
560.102000
560.291000
560.512000
560.665000
560.951000
561.083000
561.249000
561.440000
561.694000
561.920000
562.103000
562.297000
562.541000
562.714000
562.895000
562.991000
563.284000
563.408000
563.679000
563.961000
564.131000
564.393000
564.492000
564.717000
564.884000
565.114000
565.318000
565.481000
565.589000
565.861000
566.179000
566.297000
566.405000
566.626000
566.955000
567.169000
567.281000
567.478000
567.712000
567.862000
568.133000
568.118000
568.475000
568.728000
568.903000
569.149000
569.330000
569.449000
569.706000
569.893000
570.121000
570.305000
570.444000
570.714000
570.913000
571.136000
571.255000
571.470000
571.694000
571.920000
572.119000
572.271000
572.499000
572.740000
572.914000
573.056000
573.378000
573.530000
573.723000
573.929000
574.155000
574.287000
574.474000
574.648000
574.983000
575.121000
575.309000
575.591000
575.665000
575.933000
576.166000
576.332000
576.464000
576.686000
576.874000
577.030000
577.319000
577.560000
577.789000
577.916000
578.099000
578.320000
578.540000
578.775000
578.898000
579.149000
579.277000
579.570000
579.750000
579.931000
580.121000
580.307000
580.490000
580.703000
580.917000
581.144000
581.297000
581.546000
581.744000
581.906000
582.087000
582.277000
582.498000
582.707000
582.921000
583.065000
583.343000
583.470000
583.650000
583.938000
584.218000
584.330000
584.494000
584.638000
584.861000
585.127000
585.414000
585.572000
585.682000
585.938000
586.105000
586.296000
586.541000
586.684000
586.895000
587.105000
587.344000
587.529000
587.727000
587.832000
588.082000
588.248000
588.610000
588.718000
588.872000
589.127000
589.360000
589.449000
589.728000
589.954000
590.092000
590.248000
590.490000
590.759000
590.906000
591.034000
591.305000
591.566000
591.731000
591.895000
592.026000
592.256000
592.474000
592.698000
592.866000
592.979000
593.301000
593.468000
593.722000
593.909000
594.121000
594.257000
594.491000
594.692000
594.833000
595.135000
595.369000
595.586000
595.767000
595.974000
596.132000
596.336000
596.545000
596.739000
596.930000
597.110000
597.330000
597.494000
597.651000
597.899000
598.107000
598.303000
598.458000
598.617000
598.802000
599.109000
599.302000
599.513000
599.718000
599.894000
600.097000
600.347000
600.576000
600.763000
600.937000
601.200000
601.305000
601.555000
601.760000
601.872000
602.144000
602.392000
602.550000
602.726000
602.939000
603.136000
603.329000
603.483000
603.650000
603.900000
604.088000
604.376000
604.517000
604.691000
604.944000
605.071000
605.262000
605.500000
605.631000
605.864000
605.987000
606.350000
606.401000
606.649000
606.913000
607.077000
607.306000
607.528000
607.539000
607.885000
608.156000
608.449000
608.522000
608.697000
608.961000
609.048000
609.286000
609.512000
609.665000
609.918000
610.111000
610.307000
610.510000
610.730000
610.967000
611.129000
611.336000
611.528000
611.737000
611.971000
612.117000
612.267000
612.452000
612.868000
612.884000
613.094000
613.166000
613.478000
613.630000
613.850000
614.156000
614.305000
614.535000
614.696000
614.959000
615.108000
615.300000
615.447000
615.695000
615.915000
616.161000
616.403000
616.514000
616.681000
616.957000
617.015000
617.294000
617.474000
617.631000
617.913000
618.159000
618.297000
618.452000
618.692000
618.872000
619.074000
619.199000
619.466000
619.722000
619.919000
620.138000
620.363000
620.460000
620.660000
620.949000
621.140000
621.366000
621.478000
621.649000
621.912000
622.112000
622.376000
622.585000
622.639000
623.004000
623.179000
623.394000
623.591000
623.766000
623.846000
624.131000
624.328000
624.492000
624.783000
624.954000
625.080000
625.298000
625.567000
625.729000
625.796000
626.060000
626.199000
626.542000
626.752000
626.901000
627.103000
627.297000
627.468000
627.642000
627.928000
628.190000
628.365000
628.517000
628.729000
628.866000
629.097000
629.287000
629.486000
629.774000
629.845000
630.015000
630.224000
630.587000
630.659000
630.881000
631.017000
631.339000
631.520000
631.762000
631.922000
632.131000
632.324000
632.494000
632.780000
632.999000
633.064000
633.334000
633.514000
633.771000
633.892000
634.130000
634.382000
634.502000
634.637000
634.889000
635.106000
635.324000
635.459000
635.643000
635.820000
636.024000
636.300000
636.528000
636.691000
636.974000
637.120000
637.293000
637.567000
637.796000
637.951000
638.138000
638.221000
638.557000
638.754000
638.880000
639.079000
639.320000
639.542000
639.772000
639.856000
640.164000
640.264000
640.479000
640.687000
640.840000
641.007000
641.277000
641.474000
641.752000
641.945000
642.035000
642.241000
642.572000
642.692000
642.922000
643.125000
643.261000
643.492000
643.755000
643.962000
644.074000
644.255000
644.468000
644.780000
644.945000
645.064000
645.254000
645.523000
645.669000
645.907000
646.103000
646.297000
646.422000
646.738000
646.937000
647.067000
647.302000
647.556000
647.700000
647.983000
648.071000
648.330000
648.555000
648.716000
648.815000
649.068000
649.307000
649.365000
649.594000
649.886000
650.076000
650.309000
650.492000
650.745000
650.922000
651.106000
651.259000
651.582000
651.760000
651.970000
652.169000
652.282000
652.466000
652.755000
652.980000
653.089000
653.303000
653.552000
653.664000
653.866000
654.086000
654.304000
654.508000
654.760000
654.866000
655.176000
655.343000
655.553000
655.662000
655.887000
656.055000
656.240000
656.592000
656.759000
656.905000
657.029000
657.311000
657.559000
657.709000
657.878000
658.049000
658.317000
658.507000
658.795000
658.925000
659.175000
659.219000
659.499000
659.711000
659.897000
660.074000
660.287000
660.500000
660.762000
660.918000
661.175000
661.381000
661.541000
661.735000
661.914000
662.145000
662.389000
662.558000
662.782000
662.846000
663.103000
663.336000
663.465000
663.743000
663.910000
664.077000
664.340000
664.591000
664.711000
665.006000
665.180000
665.355000
665.469000
665.739000
665.880000
666.074000
666.417000
666.555000
666.604000
666.953000
667.138000
667.375000
667.532000
667.648000
667.863000
668.044000
668.257000
668.595000
668.718000
668.898000
669.065000
669.326000
669.397000
669.702000
669.977000
670.025000
670.276000
670.553000
670.666000
670.915000
671.015000
671.241000
671.430000
671.736000
671.867000
672.036000
672.248000
672.382000
672.661000
672.896000
673.190000
673.312000
673.469000
673.713000
673.919000
674.136000
674.373000
674.520000
674.755000
674.911000
675.075000
675.297000
675.458000
675.733000
675.978000
676.089000
676.287000
676.522000
676.703000
676.913000
677.062000
677.377000
677.500000
677.675000
677.864000
678.094000
678.261000
678.448000
678.689000
678.955000
679.037000
679.291000
679.520000
679.718000
679.842000
680.070000
680.259000
680.536000
680.695000
680.902000
681.061000
681.248000
681.516000
681.708000
681.949000
682.062000
682.396000
682.448000
682.682000
682.875000
683.051000
683.360000
683.578000
683.652000
683.803000
684.154000
684.295000
684.558000
684.712000
684.797000
685.040000
685.350000
685.445000
685.639000
685.841000
686.114000
686.317000
686.521000
686.723000
686.857000
687.128000
687.315000
687.649000
687.769000
687.953000
688.142000
688.318000
688.684000
688.749000
688.842000
688.945000
689.356000
689.520000
689.660000
689.887000
690.152000
690.323000
690.459000
690.719000
690.872000
691.135000
691.290000
691.463000
691.640000
691.909000
692.176000
692.322000
692.404000
692.714000
692.857000
693.019000
693.313000
693.530000
693.748000
693.866000
694.065000
694.357000
694.502000
694.772000
694.908000
695.036000
695.220000
695.427000
695.731000
695.915000
696.072000
696.203000
696.520000
696.780000
696.897000
697.120000
697.342000
697.551000
697.745000
697.996000
698.036000
698.304000
698.555000
698.732000
698.933000
699.138000
699.214000
699.504000
699.817000
699.959000
700.170000
700.321000
700.452000
700.767000
700.983000
701.118000
701.297000
701.470000
701.685000
701.983000
702.100000
702.323000
702.609000
702.664000
702.969000
703.100000
703.314000
703.489000
703.714000
703.806000
704.128000
704.364000
704.552000
704.690000
704.974000
705.110000
705.356000
705.492000
705.655000
705.885000
706.059000
706.200000
706.542000
706.646000
706.918000
707.115000
707.290000
707.483000
707.703000
707.920000
708.077000
708.367000
708.606000
708.726000
708.904000
709.138000
709.239000
709.552000
709.761000
709.956000
710.125000
710.312000
710.553000
710.749000
710.955000
711.135000
711.289000
711.455000
711.740000
711.910000
712.123000
712.258000
712.435000
712.674000
712.933000
713.073000
713.267000
713.418000
713.686000
713.930000
714.139000
714.303000
714.503000
714.620000
714.973000
715.192000
715.316000
715.504000
715.746000
715.936000
716.124000
716.305000
716.531000
716.678000
716.928000
717.123000
717.289000
717.507000
717.706000
717.887000
718.007000
718.366000
718.593000
718.764000
718.953000
719.082000
719.208000
719.490000
719.662000
719.922000
719.995000
720.352000
720.471000
720.780000
720.899000
721.018000
721.338000
721.500000
721.782000
721.916000
722.079000
722.279000
722.434000
722.760000
722.952000
723.040000
723.288000
723.453000
723.668000
723.912000
724.095000
724.236000
724.497000
724.695000
724.878000
725.165000
725.281000
725.473000
725.708000
725.968000
726.085000
726.457000
726.559000
726.731000
726.889000
727.090000
727.316000
727.536000
727.765000
727.921000
728.103000
728.297000
728.566000
728.711000
728.979000
729.097000
729.246000
729.482000
729.681000
729.858000
730.101000
730.304000
730.467000
730.689000
730.880000
731.095000
731.235000
731.433000
731.713000
731.876000
732.122000
732.311000
732.478000
732.747000
732.909000
733.158000
733.439000
733.503000
733.709000
733.824000
734.160000
734.346000
734.522000
734.561000
734.812000
735.096000
735.372000
735.548000
735.719000
735.868000
736.186000
736.345000
736.500000
736.701000
736.915000
737.156000
737.355000
737.563000
737.689000
737.900000
738.179000
738.483000
738.536000
738.810000
738.911000
739.129000
739.440000
739.607000
739.723000
739.919000
740.191000
740.390000
740.504000
740.732000
740.977000
741.090000
741.347000
741.499000
741.724000
741.969000
742.155000
742.316000
742.535000
742.728000
742.827000
743.170000
743.329000
743.484000
743.730000
743.968000
744.149000
744.193000
744.529000
744.738000
744.985000
745.143000
745.306000
745.504000
745.729000
745.885000
746.004000
746.376000
746.588000
746.654000
746.959000
747.179000
747.332000
747.513000
747.744000
747.843000
748.098000
748.397000
748.551000
748.738000
748.890000
749.145000
749.363000
749.507000
749.658000
749.890000
750.142000
750.307000
750.511000
750.695000
750.906000
751.170000
751.305000
751.483000
751.709000
751.927000
752.082000
752.350000
752.523000
752.664000
752.891000
753.145000
753.310000
753.440000
753.796000
753.938000
754.208000
754.343000
754.519000
754.784000
754.970000
755.051000
755.409000
755.594000
755.727000
755.954000
756.201000
756.353000
756.514000
756.742000
756.918000
757.080000
757.208000
757.523000
757.782000
757.916000
758.031000
758.319000
758.535000
758.717000
758.967000
759.163000
759.219000
759.630000
759.713000
759.930000
760.142000
760.290000
760.507000
760.699000
760.943000
761.139000
761.305000
761.562000
761.635000
761.959000
762.140000
762.318000
762.436000
762.660000
762.940000
763.078000
763.290000
763.477000
763.611000
763.945000
764.118000
764.441000
764.533000
764.716000
764.937000
765.065000
765.305000
765.503000
765.741000
765.916000
766.069000
766.246000
766.464000
766.665000
766.847000
767.079000
767.255000
767.573000
767.730000
767.866000
768.163000
768.346000
768.533000
768.771000
769.019000
769.161000
769.368000
769.551000
769.741000
769.984000
770.164000
770.339000
770.528000
770.739000
770.869000
771.128000
771.304000
771.563000
771.677000
771.949000
772.085000
772.294000
772.460000
772.717000
772.914000
773.159000
773.323000
773.489000
773.733000
773.922000
774.049000
774.276000
774.500000
774.674000
774.878000
775.073000
775.232000
775.508000
775.728000
775.992000
776.081000
776.309000
776.483000
776.682000
776.970000
777.158000
777.370000
777.469000
777.615000
777.924000
778.157000
778.319000
778.514000
778.662000
778.954000
779.071000
779.334000
779.422000
779.680000
779.843000
780.107000
780.366000
780.553000
780.638000
780.799000
781.141000
781.383000
781.620000
781.584000
781.852000
782.128000
782.282000
782.552000
782.742000
782.961000
783.085000
783.238000
783.534000
783.695000
783.922000
784.148000
784.259000
784.480000
784.761000
785.005000
785.166000
785.291000
785.529000
785.688000
785.920000
786.158000
786.264000
786.478000
786.639000
786.930000
787.174000
787.263000
787.488000
787.675000
787.955000
788.064000
788.335000
788.553000
788.678000
788.924000
789.007000
789.249000
789.540000
789.780000
789.923000
790.134000
790.339000
790.515000
790.683000
790.991000
791.108000
791.176000
791.412000
791.739000
792.010000
792.159000
792.267000
792.393000
792.647000
792.826000
793.062000
793.271000
793.450000
793.689000
793.837000
794.100000
794.318000
794.595000
794.651000
794.796000
794.915000
795.228000
795.509000
795.762000
795.888000
796.097000
796.283000
796.455000
796.689000
796.902000
797.010000
797.269000
797.458000
797.772000
797.841000
798.080000
798.333000
798.455000
798.720000
798.881000
799.079000
799.275000
799.481000
799.693000
799.879000
800.114000
800.312000
800.403000
800.656000
800.904000
801.074000
801.214000
801.448000
801.671000
801.945000
802.137000
802.206000
802.460000
802.722000
802.886000
803.038000
803.227000
803.499000
803.672000
803.911000
804.044000
804.267000
804.463000
804.734000
804.934000
805.002000
805.268000
805.540000
805.615000
805.940000
806.058000
806.315000
806.613000
806.742000
806.907000
807.121000
807.376000
807.499000
807.771000
807.917000
808.038000
808.289000
808.429000
808.737000
808.941000
809.154000
809.365000
809.446000
809.702000
809.829000
810.093000
810.332000
810.515000
810.656000
810.975000
810.957000
811.302000
811.485000
811.703000
811.881000
812.109000
812.337000
812.557000
812.658000
812.926000
813.196000
813.367000
813.469000
813.773000
813.882000
814.038000
814.283000
814.521000
814.718000
814.943000
815.095000
815.260000
815.523000
815.751000
815.853000
816.059000
816.358000
816.479000
816.708000
816.911000
817.077000
817.272000
817.535000
817.793000
817.956000
818.075000
818.334000
818.550000
818.730000
818.890000
819.166000
819.353000
819.539000
819.666000
819.884000
820.170000
820.299000
820.677000
820.794000
820.962000
821.057000
821.404000
821.592000
821.799000
821.896000
822.126000
822.344000
822.545000
822.757000
822.933000
823.150000
823.208000
823.473000
823.674000
823.949000
824.106000
824.301000
824.488000
824.719000
824.865000
825.079000
825.285000
825.431000
825.720000
825.872000
826.039000
826.291000
826.499000
826.709000
826.899000
827.146000
827.304000
827.485000
827.762000
827.900000
828.043000
828.272000
828.506000
828.673000
828.857000
829.127000
829.331000
829.526000
829.690000
829.988000
830.096000
830.252000
830.453000
830.665000
830.941000
831.100000
831.338000
831.517000
831.660000
831.837000
832.044000
832.279000
832.522000
832.676000
832.915000
833.069000
833.327000
833.524000
833.721000
833.979000
834.107000
834.234000
834.548000
834.702000
834.972000
835.248000
835.304000
835.538000
835.735000
835.841000
836.142000
836.343000
836.491000
836.625000
836.809000
837.065000
837.358000
837.476000
837.702000
837.856000
838.127000
838.292000
838.570000
838.692000
838.888000
839.080000
839.345000
839.450000
839.692000
839.890000
840.140000
840.294000
840.485000
840.656000
840.951000
841.080000
841.333000
841.538000
841.737000
841.913000
842.154000
842.327000
842.478000
842.715000
842.837000
843.027000
843.261000
843.559000
843.766000
843.882000
844.083000
844.180000
844.529000
844.776000
844.883000
845.105000
845.254000
845.498000
845.751000
845.955000
846.153000
846.375000
846.524000
846.652000
846.972000
847.216000
847.340000
847.492000
847.669000
847.935000
848.068000
848.434000
848.485000
848.717000
849.002000
849.153000
849.378000
849.537000
849.774000
849.903000
850.062000
850.370000
850.489000
850.764000
850.894000
850.990000
851.299000
851.568000
851.804000
851.965000
852.132000
852.276000
852.545000
852.746000
852.902000
853.180000
853.264000
853.497000
853.749000
853.890000
854.041000
854.219000
854.507000
854.716000
854.955000
855.188000
855.230000
855.470000
855.770000
855.938000
856.060000
856.329000
856.410000
856.651000
856.940000
857.052000
857.308000
857.572000
857.836000
857.909000
858.130000
858.327000
858.591000
858.752000
858.902000
859.131000
859.310000
859.571000
859.773000
859.952000
860.119000
860.220000
860.465000
860.787000
860.977000
861.205000
861.285000
861.495000
861.702000
861.999000
862.063000
862.347000
862.472000
862.698000
862.854000
863.166000
863.348000
863.471000
863.752000
863.891000
864.192000
864.236000
864.441000
864.671000
864.898000
865.227000
865.303000
865.441000
865.692000
865.870000
866.186000
866.346000
866.579000
866.716000
866.924000
867.098000
867.275000
867.499000
867.629000
867.923000
868.158000
868.292000
868.461000
868.645000
868.931000
869.088000
869.387000
869.479000
869.665000
869.951000
870.151000
870.345000
870.498000
870.791000
870.983000
871.124000
871.366000
871.631000
871.790000
871.836000
872.146000
872.432000
872.590000
872.750000
872.876000
873.137000
873.395000
873.572000
873.716000
873.875000
874.147000
874.369000
874.567000
874.778000
874.965000
875.144000
875.261000
875.501000
875.745000
875.879000
876.029000
876.330000
876.528000
876.714000
876.880000
877.086000
877.277000
877.489000
877.773000
877.817000
878.082000
878.265000
878.569000
878.783000
878.912000
879.122000
879.360000
879.611000
879.775000
879.943000
880.103000
880.314000
880.569000
880.660000
880.957000
881.207000
881.412000
881.542000
881.671000
881.866000
882.178000
882.415000
882.551000
882.719000
882.940000
883.116000
883.312000
883.532000
883.684000
883.935000
884.115000
884.315000
884.525000
884.713000
884.921000
885.032000
885.255000
885.459000
885.743000
885.911000
886.128000
886.301000
886.449000
886.726000
886.963000
887.102000
887.311000
887.559000
887.762000
887.918000
888.099000
888.329000
888.565000
888.754000
888.930000
889.144000
889.303000
889.507000
889.796000
889.976000
890.105000
890.345000
890.467000
890.621000
890.895000
891.156000
891.289000
891.491000
891.680000
891.922000
892.123000
892.210000
892.402000
892.623000
892.933000
893.173000
893.269000
893.465000
893.723000
893.963000
894.154000
894.395000
894.445000
894.729000
894.922000
895.114000
895.384000
895.471000
895.682000
895.893000
896.093000
896.433000
896.596000
896.699000
896.882000
897.102000
897.321000
897.469000
897.724000
897.873000
898.037000
898.243000
898.515000
898.682000
898.833000
899.133000
899.330000
899.486000
899.678000
899.878000
900.016000
900.297000
900.552000
900.736000
900.914000
901.105000
901.302000
901.556000
901.717000
901.886000
902.039000
902.280000
902.563000
902.765000
902.932000
903.123000
903.301000
903.521000
903.720000
903.994000
904.070000
904.290000
904.515000
904.815000
904.930000
905.081000
905.245000
905.479000
905.692000
905.951000
906.125000
906.302000
906.499000
906.677000
906.936000
907.139000
907.252000
907.566000
907.787000
908.008000
908.114000
908.247000
908.522000
908.728000
908.958000
909.120000
909.283000
909.571000
909.719000
909.971000
910.108000
910.318000
910.511000
910.762000
910.947000
911.184000
911.284000
911.508000
911.786000
911.962000
912.109000
912.380000
912.616000
912.751000
912.996000
913.112000
913.199000
913.536000
913.783000
913.967000
914.123000
914.357000
914.473000
914.648000
914.978000
915.089000
915.275000
915.533000
915.733000
915.967000
916.123000
916.340000
916.596000
916.773000
916.941000
917.205000
917.367000
917.425000
917.757000
917.993000
918.183000
918.349000
918.476000
918.757000
918.903000
919.104000
919.221000
919.590000
919.791000
919.912000
920.136000
920.315000
920.519000
920.819000
920.940000
921.099000
921.351000
921.466000
921.702000
921.925000
922.128000
922.327000
922.466000
922.721000
922.869000
923.142000
923.349000
923.553000
923.732000
923.881000
924.162000
924.323000
924.502000
924.671000
924.923000
925.064000
925.297000
925.435000
925.688000
925.963000
925.990000
926.283000
926.533000
926.667000
926.903000
927.032000
927.255000
927.480000
927.703000
927.932000
928.086000
928.285000
928.541000
928.684000
928.904000
929.124000
929.341000
929.515000
929.719000
929.852000
930.061000
930.333000
930.506000
930.718000
930.889000
931.127000
931.433000
931.516000
931.610000
931.879000
932.074000
932.258000
932.548000
932.814000
932.970000
933.051000
933.329000
933.473000
933.752000
933.930000
934.105000
934.244000
934.434000
934.752000
934.901000
935.116000
935.293000
935.481000
935.707000
935.839000
936.071000
936.296000
936.482000
936.660000
936.922000
937.085000
937.293000
937.552000
937.563000
937.798000
938.102000
938.228000
938.490000
938.792000
938.986000
939.077000
939.268000
939.494000
939.700000
939.924000
939.988000
940.323000
940.443000
940.683000
940.921000
941.137000
941.348000
941.593000
941.740000
941.853000
942.098000
942.330000
942.457000
942.725000
942.919000
943.128000
943.219000
943.618000
943.646000
943.932000
944.132000
944.290000
944.500000
944.730000
944.913000
945.058000
945.239000
945.546000
945.702000
945.878000
946.084000
946.245000
946.426000
946.641000
946.845000
947.090000
947.331000
947.390000
947.598000
947.863000
948.132000
948.378000
948.483000
948.718000
948.958000
949.063000
949.388000
949.552000
949.695000
949.918000
950.109000
950.373000
950.520000
950.743000
950.955000
951.184000
951.267000
951.578000
951.743000
952.036000
952.042000
952.265000
952.535000
952.675000
952.967000
953.078000
953.259000
953.400000
953.701000
953.909000
954.039000
954.305000
954.481000
954.626000
954.875000
955.152000
955.347000
955.477000
955.617000
955.822000
956.127000
956.250000
956.502000
956.653000
956.851000
957.128000
957.328000
957.441000
957.661000
957.930000
958.072000
958.307000
958.418000
958.714000
958.877000
959.074000
959.289000
959.533000
959.682000
959.935000
960.047000
960.290000
960.522000
960.724000
960.900000
961.145000
961.334000
961.600000
961.737000
961.810000
962.120000
962.331000
962.547000
962.662000
962.922000
963.073000
963.213000
963.538000
963.746000
963.892000
964.050000
964.308000
964.576000
964.669000
964.894000
965.125000
965.323000
965.493000
965.646000
965.851000
966.132000
966.267000
966.394000
966.688000
966.962000
967.099000
967.311000
967.438000
967.615000
967.841000
968.101000
968.278000
968.474000
968.736000
968.920000
969.067000
969.315000
969.603000
969.710000
969.957000
970.169000
970.231000
970.439000
970.688000
970.896000
971.098000
971.198000
971.455000
971.733000
971.861000
972.209000
972.341000
972.468000
972.709000
972.941000
973.114000
973.336000
973.530000
973.665000
973.818000
974.126000
974.312000
974.461000
974.681000
974.932000
975.154000
975.337000
975.495000
975.608000
975.869000
976.016000
976.326000
976.527000
976.708000
976.885000
977.154000
977.262000
977.534000
977.634000
977.916000
978.076000
978.268000
978.437000
978.707000
978.887000
979.101000
979.180000
979.525000
979.707000
979.948000
980.180000
980.329000
980.459000
980.714000
980.925000
981.134000
981.335000
981.466000
981.771000
981.888000
982.069000
982.363000
982.510000
982.737000
982.900000
983.165000
983.257000
983.586000
983.721000
983.885000
984.175000
984.360000
984.623000
984.758000
984.867000
985.109000
985.345000
985.582000
985.740000
985.951000
986.140000
986.253000
986.499000
986.797000
986.980000
987.152000
987.364000
987.470000
987.764000
987.969000
988.091000
988.261000
988.522000
988.711000
988.953000
989.203000
989.279000
989.593000
989.761000
989.935000
990.140000
990.296000
990.429000
990.826000
990.959000
991.117000
991.300000
991.467000
991.753000
991.869000
992.090000
992.314000
992.509000
992.766000
992.876000
993.089000
993.195000
993.455000
993.624000
993.801000
993.979000
994.308000
994.500000
994.728000
994.934000
995.058000
995.253000
995.486000
995.660000
995.918000
996.031000
996.314000
996.483000
996.632000
996.826000
997.117000
997.329000
997.590000
997.791000
997.987000
998.080000
998.328000
998.624000
998.655000
999.000000
999.130000
999.317000
999.471000
999.655000
999.932000
1000.130000
1000.290000
1000.540000
1000.730000
1000.950000
1001.080000
1001.300000
1001.500000
1001.760000
1001.910000
1002.130000
1002.180000
1002.560000
1002.680000
1002.840000
1003.120000
1003.370000
1003.540000
1003.760000
1003.910000
1004.160000
1004.320000
1004.510000
1004.700000
1004.960000
1005.080000
1005.280000
1005.560000
1005.750000
1005.970000
1006.220000
1006.340000
1006.500000
1006.820000
1007.000000
1007.150000
1007.320000
1007.480000
1007.730000
1008.010000
1008.130000
1008.390000
1008.480000
1008.810000
1008.930000
1009.160000
1009.270000
1009.530000
1009.720000
1009.890000
1010.080000
1010.350000
1010.560000
1010.720000
1010.890000
1011.060000
1011.300000
1011.530000
1011.730000
1011.750000
1012.090000
1012.260000
1012.470000
1012.730000
1012.920000
1013.150000
1013.290000
1013.540000
1013.790000
1013.940000
1014.140000
1014.220000
1014.520000
1014.670000
1014.890000
1015.030000
1015.320000
1015.570000
1015.750000
1015.870000
1016.050000
1016.290000
1016.490000
1016.680000
1016.880000
1017.190000
1017.310000
1017.480000
1017.620000
1017.880000
1018.090000
1018.340000
1018.470000
1018.660000
1018.940000
1019.090000
1019.270000
1019.480000
1019.670000
1019.820000
1020.180000
1020.340000
1020.430000
1020.610000
1020.930000
1021.170000
1021.280000
1021.510000
1021.680000
1021.960000
1021.990000
1022.320000
1022.470000
1022.730000
1022.950000
1023.080000
1023.380000
1023.540000
1023.760000
1023.860000
1024.070000
1024.360000
1024.510000
1024.730000
1024.930000
1025.080000
1025.230000
1025.510000
1025.690000
1025.930000
1026.100000
1026.340000
1026.490000
1026.690000
1026.940000
1027.160000
1027.300000
1027.500000
1027.720000
1027.890000
1028.180000
1028.220000
1028.520000
1028.710000
1028.990000
1029.120000
1029.270000
1029.530000
1029.650000
1029.920000
1030.050000
1030.290000
1030.490000
1030.760000
1030.890000
1031.020000
1031.330000
1031.500000
1031.690000
1031.860000
1032.040000
1032.330000
1032.410000
1032.750000
1032.990000
1033.120000
1033.320000
1033.520000
1033.700000
1033.890000
1034.110000
1034.320000
1034.460000
1034.690000
1034.890000
1035.130000
1035.370000
1035.590000
1035.700000
1035.920000
1036.020000
1036.300000
1036.420000
1036.740000
1036.940000
1037.130000
1037.230000
1037.450000
1037.720000
1038.020000
1038.070000
1038.330000
1038.330000
1038.660000
1038.890000
1039.020000
1039.300000
1039.450000
1039.680000
1039.870000
1040.090000
1040.350000
1040.500000
1040.700000
1040.870000
1041.140000
1041.250000
1041.480000
1041.660000
1041.770000
1042.170000
1042.350000
1042.460000
1042.710000
1042.940000
1043.190000
1043.350000
1043.510000
1043.760000
1043.800000
1044.070000
1044.310000
1044.530000
1044.670000
1044.870000
1045.090000
1045.300000
1045.500000
1045.670000
1045.840000
1046.100000
1046.280000
1046.490000
1046.780000
1046.880000
1047.160000
1047.320000
1047.470000
1047.770000
1047.980000
