582.941000
583.153000
583.350000
583.654000
583.798000
583.990000
584.202000
584.370000
584.634000
584.827000
585.027000
585.174000
585.354000
585.533000
585.788000
586.133000
586.241000
586.435000
586.604000
586.772000
586.966000
587.194000
587.389000
587.668000
587.774000
587.915000
588.141000
588.412000
588.557000
588.792000
588.879000
589.135000
589.352000
589.639000
589.883000
589.976000
590.170000
590.437000
590.657000
590.836000
590.990000
591.206000
591.456000
591.605000
591.859000
591.980000
592.307000
592.510000
592.661000
592.849000
593.020000
593.157000
593.327000
593.614000
593.775000
594.017000
594.219000
594.345000
594.611000
594.793000
594.955000
595.108000
595.369000
595.513000
595.688000
595.943000
596.229000
596.440000
596.631000
596.814000
596.944000
597.187000
597.380000
597.568000
597.770000
598.031000
598.165000
598.409000
598.647000
598.802000
598.966000
599.227000
599.544000
599.628000
599.799000
600.015000
600.217000
600.498000
600.618000
600.861000
601.046000
601.179000
601.387000
601.591000
601.808000
602.043000
602.176000
602.398000
602.564000
602.746000
603.045000
603.220000
603.389000
603.588000
603.764000
603.951000
604.225000
604.451000
604.549000
604.802000
605.010000
605.276000
605.409000
605.524000
605.744000
606.089000
606.273000
606.398000
606.642000
606.770000
607.006000
607.172000
607.440000
607.664000
607.784000
608.018000
608.147000
608.406000
608.669000
608.813000
609.053000
609.222000
609.357000
609.612000
609.802000
609.964000
610.224000
610.409000
610.592000
610.899000
611.016000
611.226000
611.308000
611.643000
611.832000
612.010000
612.153000
612.471000
612.602000
612.773000
613.000000
613.218000
613.490000
613.629000
613.766000
614.002000
614.149000
614.487000
614.607000
614.829000
615.053000
615.215000
615.330000
615.608000
615.840000
615.940000
616.118000
616.334000
616.550000
616.825000
617.080000
617.233000
617.362000
617.637000
617.816000
617.999000
618.175000
618.383000
618.655000
618.834000
619.001000
619.143000
619.416000
619.639000
619.773000
620.048000
620.192000
620.411000
620.581000
620.764000
620.989000
621.214000
621.410000
621.561000
621.811000
621.928000
622.219000
622.449000
622.592000
622.804000
622.989000
623.145000
623.398000
623.648000
623.841000
624.023000
624.161000
624.415000
624.594000
624.825000
625.029000
625.219000
625.371000
625.607000
625.872000
626.074000
626.188000
626.446000
626.532000
626.817000
627.042000
627.271000
627.362000
627.607000
627.863000
628.036000
628.264000
628.396000
628.636000
628.789000
629.023000
629.240000
629.412000
629.586000
629.807000
630.021000
630.186000
630.423000
630.683000
630.859000
630.988000
631.149000
631.422000
631.641000
631.802000
632.022000
632.225000
632.398000
632.566000
632.833000
633.043000
633.206000
633.349000
633.519000
633.796000
634.021000
634.208000
634.434000
634.546000
634.772000
634.938000
635.201000
635.426000
635.572000
635.791000
636.076000
636.258000
636.445000
636.621000
636.858000
637.048000
637.247000
637.370000
637.595000
637.752000
638.034000
638.286000
638.435000
638.654000
638.742000
639.023000
639.197000
639.428000
639.621000
639.794000
640.009000
640.179000
640.413000
640.694000
640.832000
641.051000
641.274000
641.405000
641.619000
641.881000
641.999000
642.131000
642.363000
642.619000
642.799000
643.019000
643.179000
643.437000
643.621000
643.767000
644.049000
644.264000
644.437000
644.662000
644.786000
644.949000
645.222000
645.484000
645.709000
645.808000
646.008000
646.177000
646.416000
646.737000
646.854000
647.010000
647.208000
647.342000
647.641000
647.870000
648.046000
648.169000
648.394000
648.637000
648.767000
648.989000
649.234000
649.398000
649.565000
649.794000
649.955000
650.225000
650.422000
650.636000
650.802000
650.996000
651.204000
651.399000
651.666000
651.840000
651.989000
652.148000
652.447000
652.644000
652.810000
653.027000
653.245000
653.380000
653.609000
653.841000
654.019000
654.185000
654.367000
654.567000
654.832000
655.083000
655.230000
655.437000
655.523000
655.831000
656.061000
656.313000
656.538000
656.668000
656.856000
657.076000
657.209000
657.470000
657.643000
657.809000
658.032000
658.292000
658.383000
658.610000
658.895000
658.928000
659.152000
659.346000
659.629000
659.823000
659.975000
660.233000
660.391000
660.562000
660.777000
661.025000
661.236000
661.421000
661.684000
661.809000
661.956000
662.182000
662.367000
662.526000
662.778000
663.004000
663.110000
663.402000
663.654000
663.775000
663.981000
664.178000
664.475000
664.575000
664.794000
664.972000
665.204000
665.461000
665.587000
665.760000
666.037000
666.183000
666.408000
666.607000
666.781000
666.958000
667.217000
667.387000
667.597000
667.838000
668.009000
668.206000
668.390000
668.588000
668.757000
668.946000
669.244000
669.424000
669.613000
669.782000
670.018000
670.194000
670.386000
670.654000
670.798000
670.987000
671.241000
671.441000
671.631000
671.864000
672.059000
672.153000
672.354000
672.681000
672.871000
673.004000
673.226000
673.366000
673.582000
673.774000
673.957000
674.191000
674.447000
674.612000
674.803000
674.962000
675.248000
675.424000
675.643000
675.858000
676.009000
676.193000
676.470000
676.697000
676.824000
677.013000
677.216000
677.502000
677.624000
677.873000
678.019000
678.220000
678.446000
678.613000
678.936000
679.065000
679.209000
679.475000
679.628000
679.816000
680.018000
680.241000
680.431000
680.633000
680.848000
681.053000
681.181000
681.348000
681.642000
681.844000
681.958000
682.209000
682.517000
682.720000
682.858000
683.016000
683.234000
683.397000
683.668000
683.837000
684.020000
684.261000
684.475000
684.640000
684.715000
685.005000
685.220000
685.398000
685.700000
685.847000
686.017000
686.213000
686.421000
686.610000
686.834000
687.040000
687.224000
687.464000
687.682000
687.805000
687.996000
688.240000
688.416000
688.621000
688.844000
689.023000
689.198000
689.384000
689.634000
689.810000
690.095000
690.239000
690.364000
690.614000
690.786000
691.022000
691.215000
691.342000
691.548000
691.760000
692.025000
692.245000
692.365000
692.545000
692.819000
693.063000
693.286000
693.377000
693.604000
693.746000
693.949000
694.244000
694.429000
694.614000
694.794000
695.009000
695.171000
695.408000
695.499000
695.728000
696.021000
696.267000
696.399000
696.620000
696.761000
696.972000
697.167000
697.514000
697.574000
697.768000
697.920000
698.127000
698.414000
698.627000
698.733000
699.017000
699.200000
699.361000
699.585000
699.916000
699.965000
700.154000
700.328000
700.586000
700.881000
701.057000
701.205000
701.453000
701.548000
701.756000
701.922000
702.189000
702.366000
702.553000
702.745000
702.965000
703.177000
703.374000
703.547000
703.792000
703.998000
704.211000
704.425000
704.683000
704.825000
704.954000
705.198000
705.384000
705.595000
705.808000
705.942000
706.178000
706.349000
706.617000
706.799000
706.988000
707.207000
707.380000
707.622000
707.857000
708.000000
708.187000
708.398000
708.602000
708.792000
709.035000
709.078000
709.482000
709.618000
709.863000
710.053000
710.267000
710.333000
710.542000
710.859000
711.029000
711.252000
711.434000
711.558000
711.794000
711.978000
712.212000
712.491000
712.531000
712.838000
713.043000
713.131000
713.356000
713.622000
713.798000
713.967000
714.180000
714.328000
714.655000
714.807000
715.036000
715.212000
715.429000
715.586000
715.813000
715.983000
716.187000
716.416000
716.556000
716.723000
716.955000
717.196000
717.421000
717.575000
717.729000
718.074000
718.323000
718.402000
718.646000
718.838000
719.027000
719.258000
719.387000
719.611000
719.764000
719.996000
720.219000
720.417000
720.648000
720.780000
720.956000
721.229000
721.393000
721.646000
721.844000
722.028000
722.257000
722.529000
722.569000
722.791000
723.045000
723.230000
723.450000
723.501000
723.732000
723.971000
724.154000
724.356000
724.556000
724.791000
724.916000
725.120000
725.373000
725.552000
725.756000
725.971000
726.171000
726.405000
726.558000
726.809000
727.006000
727.187000
727.314000
727.558000
727.801000
727.970000
728.239000
728.435000
728.591000
728.781000
728.996000
729.229000
729.419000
729.544000
729.811000
730.006000
730.167000
730.401000
730.523000
730.736000
731.004000
731.231000
731.407000
731.647000
731.783000
731.982000
732.199000
732.354000
732.563000
732.787000
732.934000
733.127000
733.331000
733.518000
733.756000
733.901000
734.151000
734.391000
734.564000
734.784000
735.002000
735.129000
735.375000
735.623000
735.749000
735.991000
736.153000
736.401000
736.549000
736.828000
736.943000
737.139000
737.361000
737.529000
737.695000
738.048000
738.186000
738.379000
738.573000
738.839000
739.039000
739.190000
739.364000
739.549000
739.770000
739.993000
740.177000
740.418000
740.551000
740.842000
741.013000
741.182000
741.346000
741.582000
741.733000
741.981000
742.260000
742.406000
742.515000
742.755000
743.002000
743.194000
743.424000
743.558000
743.819000
743.972000
744.190000
744.415000
744.623000
744.806000
745.084000
745.126000
745.334000
745.556000
745.792000
745.974000
746.168000
746.353000
746.565000
746.748000
746.984000
747.199000
747.357000
747.523000
747.804000
748.067000
748.243000
748.361000
748.569000
748.803000
749.134000
749.324000
749.445000
749.570000
749.779000
750.000000
750.204000
750.369000
750.687000
750.826000
750.961000
751.193000
751.491000
751.712000
751.833000
752.033000
752.179000
752.474000
752.686000
752.811000
753.033000
753.203000
753.375000
753.610000
753.751000
753.922000
754.147000
754.377000
754.689000
754.858000
754.942000
755.195000
755.395000
755.715000
755.869000
756.013000
756.253000
756.412000
756.589000
756.823000
757.083000
757.191000
757.398000
757.702000
757.888000
757.935000
758.216000
758.358000
758.666000
758.821000
759.010000
759.189000
759.486000
759.555000
759.731000
759.947000
760.220000
760.461000
760.548000
760.740000
761.022000
761.170000
761.344000
761.537000
761.786000
762.009000
762.240000
762.360000
762.601000
762.796000
763.013000
763.253000
763.320000
763.602000
763.828000
764.054000
764.258000
764.417000
764.577000
764.803000
765.018000
765.233000
765.391000
765.648000
765.809000
766.037000
766.197000
766.396000
766.540000
766.828000
767.059000
767.219000
767.398000
767.599000
767.831000
768.114000
768.218000
768.378000
768.533000
768.785000
769.008000
769.257000
769.407000
769.617000
769.856000
769.992000
770.190000
770.399000
770.632000
770.771000
771.025000
771.238000
771.360000
771.586000
771.807000
772.050000
772.182000
772.391000
772.592000
772.795000
773.005000
773.165000
773.408000
773.652000
773.780000
773.972000
774.225000
774.369000
774.600000
774.790000
775.065000
775.256000
775.434000
775.586000
775.903000
776.057000
776.234000
776.403000
776.563000
776.881000
776.954000
777.239000
777.409000
777.597000
777.796000
777.992000
778.161000
778.398000
778.627000
778.797000
779.005000
779.190000
779.542000
779.626000
779.814000
780.031000
780.205000
780.392000
780.565000
780.896000
781.094000
781.256000
781.331000
781.656000
781.891000
782.065000
782.140000
782.363000
782.637000
782.851000
782.962000
783.206000
783.377000
783.610000
783.844000
783.968000
784.253000
784.524000
784.602000
784.777000
785.048000
785.247000
785.451000
785.642000
785.749000
785.990000
786.265000
786.425000
786.624000
786.860000
786.963000
787.221000
787.447000
787.605000
787.748000
788.013000
788.231000
788.462000
788.695000
788.807000
788.994000
789.144000
789.385000
789.599000
789.851000
790.076000
790.185000
790.394000
790.666000
790.758000
791.078000
791.183000
791.418000
791.612000
791.808000
792.026000
792.126000
792.377000
792.527000
792.735000
792.974000
793.186000
793.369000
793.587000
793.827000
793.967000
794.244000
794.409000
794.608000
794.823000
794.956000
795.247000
795.406000
795.697000
795.856000
796.035000
796.298000
796.502000
796.493000
796.809000
797.050000
797.264000
797.471000
797.641000
797.797000
798.042000
798.211000
798.358000
798.579000
798.778000
798.980000
799.171000
799.412000
799.637000
799.779000
800.058000
800.317000
800.489000
800.650000
800.880000
801.020000
801.236000
801.389000
801.621000
801.852000
801.983000
802.203000
802.441000
802.651000
802.779000
803.027000
803.213000
803.439000
803.674000
803.795000
803.963000
804.208000
804.478000
804.608000
804.854000
805.037000
805.248000
805.437000
805.639000
805.778000
806.047000
806.220000
806.449000
806.629000
806.783000
806.943000
807.248000
807.526000
807.661000
807.829000
807.980000
808.219000
808.530000
808.687000
808.924000
808.993000
809.269000
809.483000
809.696000
809.883000
809.992000
810.197000
810.411000
810.659000
810.888000
811.069000
811.215000
811.413000
811.617000
811.801000
811.990000
812.191000
812.497000
812.666000
812.797000
813.013000
813.211000
813.468000
813.616000
813.884000
814.031000
814.218000
814.483000
814.677000
814.847000
815.034000
815.241000
815.431000
815.660000
815.789000
816.004000
816.259000
816.545000
816.669000
816.867000
817.018000
817.238000
817.444000
817.672000
817.866000
818.066000
818.296000
818.427000
818.639000
818.831000
819.018000
819.300000
819.386000
819.636000
819.916000
820.149000
820.301000
820.467000
820.592000
820.790000
820.986000
821.246000
821.417000
821.637000
821.861000
822.017000
822.243000
822.418000
822.620000
822.855000
822.963000
823.188000
823.395000
823.634000
823.799000
823.964000
824.169000
824.367000
824.626000
824.910000
824.961000
825.212000
825.402000
825.614000
825.823000
826.067000
826.243000
826.381000
826.620000
826.791000
827.030000
827.252000
827.486000
827.600000
827.740000
828.052000
828.282000
828.453000
828.643000
828.799000
829.099000
829.304000
829.510000
829.665000
829.905000
830.059000
830.242000
830.431000
830.619000
830.777000
831.124000
831.331000
831.436000
831.663000
831.876000
832.025000
832.222000
832.412000
832.667000
832.866000
832.981000
833.149000
833.336000
833.594000
833.814000
833.974000
834.137000
834.370000
834.621000
834.830000
835.055000
835.149000
835.369000
835.596000
835.915000
836.001000
836.186000
836.457000
836.639000
836.756000
836.985000
837.170000
837.415000
837.593000
837.781000
838.027000
838.223000
838.429000
838.588000
838.782000
839.073000
839.244000
839.486000
839.685000
839.780000
840.043000
840.171000
840.456000
840.634000
840.799000
840.992000
841.181000
841.456000
841.604000
841.885000
842.015000
842.253000
842.417000
842.644000
842.859000
843.025000
843.172000
843.373000
843.648000
843.820000
844.092000
844.227000
844.387000
844.617000
844.829000
845.006000
845.178000
845.467000
845.619000
845.796000
846.026000
846.167000
846.391000
846.619000
846.798000
847.022000
847.117000
847.408000
847.686000
847.773000
847.965000
848.178000
848.392000
848.655000
848.850000
849.005000
849.193000
849.387000
849.606000
849.839000
850.062000
850.232000
850.431000
850.604000
850.771000
850.984000
851.139000
851.451000
851.657000
851.767000
851.947000
852.165000
852.456000
852.672000
852.789000
853.026000
853.144000
853.354000
853.603000
853.746000
853.964000
854.147000
854.387000
854.582000
854.727000
854.953000
855.177000
855.407000
855.591000
855.763000
856.098000
856.305000
856.487000
856.603000
856.784000
857.032000
857.240000
857.496000
857.584000
857.856000
858.057000
858.172000
858.326000
858.632000
858.858000
859.059000
859.119000
859.383000
859.577000
859.710000
860.001000
860.179000
860.385000
860.606000
860.817000
860.976000
861.164000
861.396000
861.576000
861.774000
862.005000
862.204000
862.287000
862.588000
862.730000
863.040000
863.122000
863.328000
863.553000
863.841000
864.008000
864.162000
864.342000
864.549000
864.743000
865.041000
865.192000
865.351000
865.583000
865.838000
865.947000
866.157000
866.416000
866.638000
866.755000
866.951000
867.126000
867.360000
867.520000
867.780000
868.003000
868.207000
868.412000
868.645000
868.708000
868.981000
869.225000
869.449000
869.670000
869.830000
869.923000
870.175000
870.386000
870.539000
870.779000
871.040000
871.145000
871.421000
871.553000
871.799000
871.979000
872.208000
872.417000
872.542000
872.845000
872.981000
873.150000
873.310000
873.544000
873.758000
874.021000
874.202000
874.426000
874.594000
874.758000
875.020000
875.153000
875.408000
875.604000
875.843000
876.024000
876.256000
876.457000
876.609000
876.810000
876.982000
877.223000
877.350000
877.626000
877.747000
877.960000
878.223000
878.377000
878.650000
878.762000
878.933000
879.211000
879.424000
879.628000
879.757000
880.105000
880.156000
880.292000
880.583000
880.925000
880.942000
881.150000
881.386000
881.621000
881.849000
882.047000
882.226000
882.467000
882.616000
882.817000
883.026000
883.208000
883.466000
883.582000
883.772000
883.997000
884.217000
884.409000
884.609000
884.762000
885.000000
885.191000
885.336000
885.556000
885.837000
885.965000
886.230000
886.365000
886.597000
886.767000
887.026000
887.249000
887.318000
887.590000
887.821000
887.973000
888.108000
888.397000
888.586000
888.789000
888.984000
889.164000
889.395000
889.587000
889.860000
890.001000
890.203000
890.362000
890.516000
890.719000
890.919000
891.187000
891.493000
891.575000
891.774000
891.992000
892.254000
892.457000
892.666000
892.883000
893.015000
893.169000
893.436000
893.676000
893.832000
893.985000
894.216000
894.371000
894.593000
894.818000
895.023000
895.197000
895.350000
895.508000
895.781000
895.957000
896.241000
896.315000
896.562000
896.874000
897.007000
897.216000
897.341000
897.480000
897.692000
897.904000
898.145000
898.363000
898.600000
898.760000
898.930000
899.119000
899.410000
899.595000
899.744000
900.000000
900.216000
900.401000
900.609000
900.788000
900.931000
901.200000
901.391000
901.639000
901.720000
901.989000
902.198000
902.428000
902.635000
902.711000
902.962000
903.170000
903.360000
903.515000
903.692000
903.977000
904.235000
904.432000
904.656000
904.764000
904.971000
905.196000
905.368000
905.649000
905.875000
905.986000
906.220000
906.378000
906.620000
906.777000
906.979000
907.272000
907.381000
907.559000
907.793000
908.006000
908.147000
908.380000
908.578000
908.834000
909.050000
909.189000
909.410000
909.564000
909.771000
909.983000
910.200000
910.431000
910.607000
910.838000
910.987000
911.179000
911.436000
911.592000
911.803000
912.003000
912.193000
912.377000
912.676000
912.779000
913.004000
913.250000
913.357000
913.545000
913.799000
914.030000
914.159000
914.380000
914.589000
914.797000
914.986000
915.154000
915.370000
915.554000
915.782000
915.928000
916.257000
916.446000
916.579000
916.868000
917.125000
917.201000
917.375000
917.602000
917.791000
918.021000
918.295000
918.452000
918.611000
918.842000
919.004000
919.188000
919.419000
919.609000
919.817000
919.996000
920.228000
920.408000
920.564000
920.794000
921.037000
921.231000
921.392000
921.562000
921.820000
921.992000
922.260000
922.409000
922.561000
922.814000
923.040000
923.253000
923.390000
923.673000
923.850000
924.122000
924.264000
924.432000
924.640000
924.832000
924.996000
925.240000
925.381000
925.694000
925.808000
925.946000
926.228000
926.379000
926.692000
926.767000
926.935000
927.201000
927.469000
927.646000
927.760000
927.996000
928.102000
928.392000
928.717000
928.887000
928.911000
929.214000
929.440000
929.621000
929.831000
929.966000
930.150000
930.312000
930.590000
930.797000
931.071000
931.253000
931.329000
931.569000
931.787000
932.005000
932.287000
932.368000
932.541000
932.829000
933.066000
933.251000
933.382000
933.571000
933.802000
933.941000
934.196000
934.415000
934.560000
934.755000
934.954000
935.177000
935.388000
935.603000
935.776000
935.943000
936.201000
936.367000
936.644000
936.803000
936.977000
937.204000
937.390000
937.665000
937.755000
938.078000
938.211000
938.372000
938.570000
938.742000
938.935000
939.209000
939.412000
939.578000
939.782000
940.038000
940.199000
940.396000
940.565000
940.793000
941.068000
941.310000
941.400000
941.541000
941.748000
941.975000
942.266000
942.353000
942.621000
942.819000
943.004000
943.251000
943.430000
943.627000
943.848000
944.013000
944.196000
944.405000
944.772000
944.869000
944.952000
945.190000
945.471000
945.670000
945.826000
945.941000
946.160000
946.465000
946.624000
946.807000
946.982000
947.093000
947.376000
947.633000
947.886000
947.964000
948.249000
948.377000
948.579000
948.886000
948.968000
949.129000
949.341000
949.544000
949.988000
949.993000
950.181000
950.416000
950.618000
950.855000
951.038000
951.207000
951.462000
951.632000
951.771000
952.065000
952.307000
952.383000
952.574000
952.804000
953.025000
953.197000
953.345000
953.532000
953.807000
954.021000
954.228000
954.477000
954.522000
954.786000
954.951000
955.227000
955.385000
955.579000
955.710000
955.948000
956.241000
956.413000
956.710000
956.849000
957.063000
957.244000
957.422000
957.615000
957.873000
958.004000
958.215000
958.392000
958.639000
958.752000
958.959000
959.165000
959.316000
959.594000
959.814000
959.954000
960.194000
960.476000
960.619000
960.890000
960.945000
961.146000
961.324000
961.649000
961.824000
961.972000
962.209000
962.334000
962.615000
962.807000
962.970000
963.134000
963.327000
963.642000
963.835000
963.938000
964.137000
964.369000
964.635000
964.726000
965.007000
965.215000
965.538000
965.563000
965.757000
965.997000
966.194000
966.361000
966.557000
966.712000
966.882000
967.169000
967.424000
967.568000
967.779000
967.926000
968.195000
968.380000
968.663000
968.766000
968.916000
969.201000
969.448000
969.667000
969.871000
970.001000
970.270000
970.369000
970.609000
970.854000
970.981000
971.245000
971.404000
971.596000
971.860000
972.017000
972.217000
972.385000
972.557000
972.810000
972.971000
973.171000
973.423000
973.638000
973.795000
973.951000
974.189000
974.416000
974.638000
974.808000
974.959000
975.155000
975.426000
975.560000
975.806000
975.959000
976.121000
976.255000
976.529000
976.709000
976.993000
977.231000
977.357000
977.590000
977.742000
977.998000
978.141000
978.386000
978.613000
978.819000
978.962000
979.198000
979.501000
979.647000
979.768000
979.978000
980.224000
980.391000
980.572000
980.835000
980.950000
981.212000
981.402000
981.578000
981.717000
981.918000
982.218000
982.404000
982.607000
982.754000
983.009000
983.254000
983.349000
983.611000
983.821000
983.953000
984.207000
984.466000
984.572000
984.797000
984.959000
985.201000
985.377000
985.676000
985.844000
985.999000
986.165000
986.424000
986.600000
986.764000
987.032000
987.271000
987.404000
987.609000
987.757000
987.949000
988.159000
988.420000
988.558000
988.739000
988.938000
989.224000
989.395000
989.598000
989.738000
990.022000
990.150000
990.457000
990.561000
990.722000
990.972000
991.194000
991.459000
991.581000
991.773000
991.952000
992.183000
992.375000
992.537000
992.789000
992.921000
993.228000
993.363000
993.550000
993.747000
993.966000
994.274000
994.393000
994.621000
994.807000
994.985000
995.140000
995.316000
995.588000
995.825000
995.995000
996.167000
996.322000
996.530000
996.789000
997.024000
997.186000
997.457000
997.672000
997.841000
997.970000
998.286000
998.471000
998.720000
998.753000
999.008000
999.183000
999.370000
999.599000
999.806000
999.969000
1000.110000
1000.290000
1000.570000
1000.720000
1000.900000
1001.120000
1001.380000
1001.560000
1001.730000
1001.970000
1002.170000
1002.430000
1002.500000
1002.740000
1002.980000
1003.230000
1003.380000
1003.520000
1003.760000
1003.920000
1004.180000
1004.310000
1004.500000
1004.780000
1004.950000
1005.070000
1005.330000
1005.590000
1005.820000
1006.010000
1006.140000
1006.330000
1006.520000
1006.770000
1007.050000
1007.180000
1007.330000
1007.490000
1007.780000
1007.940000
1008.250000
1008.380000
1008.550000
1008.780000
1008.970000
1009.190000
1009.350000
1009.610000
1009.700000
1010.000000
1010.200000
1010.410000
1010.530000
1010.710000
1010.960000
1011.240000
1011.400000
1011.560000
1011.830000
1011.950000
1012.200000
1012.350000
1012.550000
1012.820000
1012.980000
1013.150000
1013.290000
1013.540000
1013.810000
1013.960000
1014.160000
1014.290000
1014.490000
1014.740000
1014.930000
1015.190000
1015.270000
1015.560000
1015.810000
1015.910000
1016.180000
1016.420000
1016.510000
1016.720000
1016.920000
1017.170000
1017.360000
1017.570000
1017.730000
1017.880000
1018.220000
1018.360000
1018.570000
1018.800000
1019.010000
1019.220000
1019.350000
1019.550000
1019.710000
1019.980000
1020.130000
1020.450000
1020.620000
1020.710000
1020.890000
1021.210000
1021.290000
1021.540000
1021.730000
1021.930000
1022.140000
1022.310000
1022.590000
1022.670000
1022.950000
1023.190000
1023.390000
1023.530000
1023.690000
1023.930000
1024.160000
1024.430000
1024.590000
1024.740000
1024.850000
1025.120000
1025.240000
1025.610000
1025.810000
1025.950000
1026.110000
1026.360000
1026.540000
1026.780000
1026.980000
1027.150000
1027.390000
1027.600000
1027.770000
1027.940000
1028.230000
1028.440000
1028.650000
1028.810000
1028.950000
1029.100000
1029.390000
1029.620000
1029.790000
1029.990000
1030.190000
1030.350000
1030.580000
1030.790000
1030.980000
1031.230000
1031.360000
1031.630000
1031.720000
1031.970000
1032.160000
1032.340000
1032.580000
1032.850000
1032.940000
1033.160000
1033.320000
1033.590000
1033.800000
1034.000000
1034.230000
1034.310000
1034.570000
1034.790000
1035.010000
1035.140000
1035.390000
1035.600000
1035.810000
1035.970000
1036.230000
1036.330000
1036.580000
1036.750000
1037.060000
1037.260000
1037.380000
1037.480000
1037.820000
1038.050000
1038.270000
1038.380000
1038.520000
1038.690000
1038.940000
1039.130000
1039.400000
1039.590000
1039.700000
1040.000000
1040.200000
1040.370000
1040.660000
1040.810000
1041.000000
1041.220000
1041.340000
1041.600000
1041.840000
1042.050000
1042.230000
1042.320000
1042.550000
1042.840000
1043.100000
1043.250000
1043.400000
1043.590000
1043.800000
1043.980000
1044.290000
1044.470000
1044.640000
1044.840000
1044.980000
1045.270000
1045.460000
1045.690000
1045.760000
1045.980000
1046.150000
1046.530000
1046.570000
1046.840000
1047.020000
1047.140000
1047.440000
1047.550000
1047.790000
1048.010000
1048.100000
1048.380000
1048.620000
1048.780000
1048.980000
1049.250000
1049.450000
1049.650000
1049.740000
1050.010000
1050.180000
1050.430000
1050.660000
1050.810000
1051.010000
1051.190000
1051.400000
1051.540000
1051.770000
1051.970000
1052.220000
1052.400000
1052.610000
1052.860000
1053.060000
1053.160000
1053.410000
1053.590000
1053.830000
1054.050000
1054.240000
1054.390000
1054.570000
1054.840000
1055.050000
1055.170000
1055.350000
1055.560000
1055.710000
1056.000000
1056.170000
1056.380000
1056.550000
1056.780000
1057.020000
1057.120000
1057.440000
1057.570000
1057.820000
1058.020000
1058.250000
1058.380000
1058.680000
1058.850000
1058.990000
1059.150000
1059.460000
1059.600000
1059.790000
1059.940000
1060.200000
1060.430000
1060.540000
1060.760000
1060.920000
1061.150000
1061.380000
1061.610000
1061.840000
1061.980000
1062.110000
1062.400000
1062.610000
1062.850000
1062.980000
1063.350000
1063.460000
1063.600000
1063.820000
1064.010000
1064.240000
1064.430000
1064.570000
1064.690000
1064.950000
1065.230000
1065.460000
1065.620000
1065.700000
1065.950000
1066.150000
1066.400000
1066.570000
1066.810000
1067.020000
1067.120000
1067.330000
1067.600000
1067.860000
1068.030000
1068.180000
1068.420000
1068.620000
1068.820000
1069.030000
1069.190000
1069.360000
1069.560000
1069.750000
1070.060000
1070.270000
1070.370000
1070.600000
1070.790000
1071.050000
1071.170000
1071.540000
1071.640000
1071.840000
1072.040000
1072.220000
1072.420000
1072.620000
1072.760000
1073.000000
1073.270000
1073.430000
1073.590000
1073.820000
1074.000000
1074.160000
1074.410000
1074.590000
1074.820000
1075.030000
1075.150000
1075.300000
1075.550000
1075.760000
1076.010000
1076.190000
1076.360000
1076.600000
1076.880000
1076.960000
1077.170000
1077.390000
1077.580000
1077.770000
1078.030000
1078.160000
1078.390000
1078.570000
1078.760000
1079.080000
1079.260000
1079.410000
1079.580000
1079.760000
1079.940000
1080.270000
1080.440000
1080.640000
1080.800000
1080.950000
1081.250000
1081.490000
1081.670000
1081.780000
1081.990000
1082.240000
1082.450000
1082.610000
1082.770000
1083.040000
