547.938000
548.145000
548.354000
548.606000
548.784000
548.943000
549.178000
549.407000
549.525000
549.840000
550.035000
550.208000
550.344000
550.478000
550.708000
550.981000
551.181000
551.416000
551.634000
551.782000
551.937000
552.195000
552.343000
552.529000
552.739000
552.875000
553.056000
553.494000
553.667000
553.787000
553.915000
554.108000
554.231000
554.573000
554.855000
555.041000
555.137000
555.322000
555.655000
555.767000
556.034000
556.175000
556.341000
556.514000
556.888000
556.997000
557.165000
557.398000
557.513000
557.739000
557.971000
558.160000
558.339000
558.531000
558.817000
558.948000
559.209000
559.382000
559.539000
559.776000
559.989000
560.163000
560.373000
560.524000
560.712000
560.941000
561.121000
561.417000
561.596000
561.680000
562.014000
562.184000
562.347000
562.578000
562.871000
563.001000
563.099000
563.428000
563.688000
563.728000
564.041000
564.148000
564.332000
564.640000
564.814000
565.025000
565.231000
565.461000
565.623000
565.831000
566.015000
566.234000
566.354000
566.532000
566.768000
566.985000
567.208000
567.360000
567.557000
567.714000
567.993000
568.140000
568.336000
568.497000
568.786000
569.036000
569.190000
569.449000
569.590000
569.752000
570.021000
570.245000
570.373000
570.545000
570.727000
571.025000
571.229000
571.375000
571.567000
571.679000
572.044000
572.258000
572.406000
572.575000
572.806000
572.993000
573.104000
573.393000
573.637000
573.809000
574.038000
574.140000
574.436000
574.654000
574.826000
574.955000
575.191000
575.423000
575.561000
575.765000
575.999000
576.148000
576.423000
576.546000
576.791000
576.905000
577.182000
577.487000
577.652000
577.823000
578.000000
578.151000
578.392000
578.629000
578.800000
578.990000
579.171000
579.380000
579.616000
579.838000
579.995000
580.141000
580.430000
580.594000
580.788000
581.031000
581.144000
581.388000
581.671000
581.738000
581.956000
582.137000
582.396000
582.619000
582.756000
583.062000
583.164000
583.320000
583.555000
583.715000
583.966000
584.203000
584.331000
584.576000
584.775000
584.938000
585.118000
585.311000
585.474000
585.704000
585.937000
586.178000
586.325000
586.539000
586.739000
586.950000
587.070000
587.402000
587.635000
587.713000
587.932000
588.081000
588.389000
588.526000
588.721000
588.882000
589.202000
589.374000
589.546000
589.811000
590.055000
590.120000
590.333000
590.615000
590.917000
591.020000
591.173000
591.329000
591.576000
591.800000
591.930000
592.209000
592.305000
592.522000
592.797000
592.990000
593.154000
593.418000
593.518000
593.766000
594.076000
594.183000
594.371000
594.540000
594.783000
594.994000
595.180000
595.356000
595.613000
595.756000
595.920000
596.160000
596.446000
596.595000
596.765000
597.056000
597.257000
597.333000
597.518000
597.787000
597.930000
598.138000
598.386000
598.484000
598.770000
598.858000
599.207000
599.330000
599.497000
599.685000
599.920000
600.217000
600.388000
600.510000
600.807000
601.061000
601.218000
601.433000
601.529000
601.820000
601.982000
602.255000
602.318000
602.543000
602.619000
602.964000
603.273000
603.442000
603.606000
603.722000
603.840000
604.155000
604.371000
604.612000
604.817000
605.014000
605.107000
605.326000
605.581000
605.714000
606.069000
606.187000
606.328000
606.569000
606.845000
606.894000
607.135000
607.403000
607.642000
607.768000
608.027000
608.180000
608.386000
608.670000
608.784000
608.963000
609.150000
609.430000
609.685000
609.765000
609.922000
610.086000
610.290000
610.579000
610.833000
610.911000
611.124000
611.305000
611.621000
611.825000
612.032000
612.206000
612.312000
612.598000
612.785000
612.840000
613.186000
613.373000
613.552000
613.721000
614.007000
614.197000
614.310000
614.442000
614.741000
614.889000
615.189000
615.429000
615.586000
615.751000
615.904000
616.155000
616.399000
616.618000
616.811000
616.893000
617.127000
617.364000
617.526000
617.786000
617.975000
618.126000
618.304000
618.547000
618.814000
618.971000
619.194000
619.323000
619.556000
619.730000
620.023000
620.166000
620.336000
620.507000
620.831000
620.928000
621.158000
621.468000
621.523000
621.822000
622.018000
622.245000
622.428000
622.588000
622.745000
622.887000
623.221000
623.294000
623.639000
623.695000
623.826000
624.034000
624.266000
624.580000
624.785000
625.037000
625.224000
625.394000
625.601000
625.754000
625.940000
626.294000
626.385000
626.619000
626.659000
627.029000
627.113000
627.296000
627.541000
627.806000
627.977000
628.196000
628.368000
628.518000
628.788000
629.008000
629.201000
629.426000
629.564000
629.668000
629.967000
630.153000
630.331000
630.545000
630.781000
630.948000
631.141000
631.405000
631.419000
631.760000
631.911000
632.180000
632.406000
632.537000
632.712000
632.982000
633.121000
633.396000
633.507000
633.781000
633.976000
634.203000
634.390000
634.572000
634.666000
634.999000
635.248000
635.376000
635.538000
635.853000
635.973000
636.200000
636.388000
636.523000
636.742000
636.955000
637.122000
637.378000
637.612000
637.706000
637.922000
638.209000
638.346000
638.453000
638.762000
638.975000
639.118000
639.421000
639.604000
639.690000
639.905000
640.196000
640.434000
640.669000
640.762000
640.946000
641.211000
641.333000
641.552000
641.816000
641.959000
642.138000
642.306000
642.541000
642.745000
643.034000
643.093000
643.335000
643.537000
643.787000
643.918000
644.148000
644.496000
644.566000
644.749000
644.925000
645.181000
645.378000
645.636000
645.793000
646.000000
646.177000
646.415000
646.598000
646.789000
647.001000
647.174000
647.348000
647.570000
647.766000
647.877000
648.104000
648.433000
648.547000
648.861000
648.982000
649.167000
649.478000
649.607000
649.732000
649.868000
650.144000
650.440000
650.502000
650.707000
651.022000
651.239000
651.314000
651.590000
651.800000
651.934000
652.216000
652.432000
652.623000
652.872000
653.011000
653.115000
653.382000
653.576000
653.803000
654.003000
654.192000
654.374000
654.566000
654.802000
654.932000
655.174000
655.401000
655.557000
655.724000
655.927000
656.199000
656.398000
656.628000
656.775000
657.006000
657.128000
657.350000
657.524000
657.683000
657.910000
658.193000
658.383000
658.508000
658.683000
658.852000
659.161000
659.467000
659.597000
659.837000
659.906000
660.185000
660.370000
660.537000
660.643000
661.036000
661.207000
661.465000
661.602000
661.667000
661.887000
662.111000
662.341000
662.584000
662.695000
662.922000
663.129000
663.373000
663.549000
663.725000
664.016000
664.075000
664.263000
664.567000
664.850000
664.951000
665.143000
665.328000
665.557000
665.835000
665.968000
666.099000
666.405000
666.472000
666.619000
666.880000
667.159000
667.298000
667.511000
667.727000
667.978000
668.220000
668.304000
668.592000
668.654000
668.915000
669.172000
669.303000
669.560000
669.777000
669.906000
670.120000
670.260000
670.612000
670.728000
670.983000
671.137000
671.262000
671.519000
671.770000
671.954000
672.123000
672.276000
672.616000
672.811000
672.939000
673.075000
673.386000
673.591000
673.781000
674.003000
674.150000
674.312000
674.488000
674.748000
674.929000
675.123000
675.337000
675.611000
675.694000
675.975000
676.175000
676.332000
676.490000
676.771000
676.989000
677.235000
677.344000
677.511000
677.761000
677.923000
678.064000
678.234000
678.462000
678.759000
678.963000
679.124000
679.377000
679.607000
679.795000
680.038000
680.183000
680.432000
680.516000
680.682000
680.948000
681.155000
681.387000
681.487000
681.776000
681.973000
682.187000
682.363000
682.599000
682.780000
683.000000
683.203000
683.318000
683.442000
683.779000
683.974000
684.165000
684.282000
684.488000
684.777000
684.936000
685.195000
685.381000
685.596000
685.709000
685.927000
686.147000
686.372000
686.588000
686.712000
686.970000
687.214000
687.405000
687.554000
687.694000
687.874000
688.150000
688.338000
688.526000
688.685000
688.995000
689.130000
689.278000
689.583000
689.776000
689.902000
689.999000
690.361000
690.586000
690.779000
690.937000
691.138000
691.230000
691.487000
691.825000
691.928000
692.101000
692.325000
692.531000
692.678000
692.973000
693.182000
693.330000
693.457000
693.780000
693.964000
694.132000
694.322000
694.529000
694.656000
694.927000
695.207000
695.360000
695.502000
695.706000
695.959000
696.128000
696.383000
696.518000
696.631000
696.943000
697.199000
697.356000
697.562000
697.875000
697.926000
698.113000
698.285000
698.591000
698.741000
698.980000
699.087000
699.391000
699.447000
699.662000
699.952000
700.171000
700.344000
700.518000
700.736000
700.972000
701.193000
701.390000
701.581000
701.797000
702.000000
702.197000
702.366000
702.528000
702.731000
702.918000
703.159000
703.294000
703.493000
703.731000
703.892000
704.126000
704.306000
704.535000
704.774000
704.942000
705.209000
705.367000
705.502000
705.757000
705.990000
706.174000
706.272000
706.514000
706.765000
706.983000
707.231000
707.415000
707.543000
707.730000
707.956000
708.206000
708.390000
708.549000
708.805000
709.038000
709.230000
709.253000
709.641000
709.803000
709.932000
710.031000
710.287000
710.621000
710.850000
711.006000
711.166000
711.352000
711.525000
711.760000
712.018000
712.174000
712.313000
712.557000
712.688000
713.003000
713.103000
713.414000
713.563000
713.815000
713.996000
714.148000
714.370000
714.547000
714.749000
714.922000
715.290000
715.375000
715.570000
715.865000
716.032000
716.135000
716.404000
716.648000
716.777000
716.972000
717.138000
717.375000
717.585000
717.836000
717.864000
718.127000
718.392000
718.607000
718.834000
718.854000
719.093000
719.326000
719.585000
719.728000
719.901000
720.119000
720.273000
720.659000
720.823000
720.977000
721.110000
721.402000
721.622000
721.801000
722.021000
722.163000
722.378000
722.652000
722.850000
722.981000
723.142000
723.325000
723.560000
723.741000
723.965000
724.172000
724.321000
724.589000
724.731000
724.917000
725.067000
725.359000
725.547000
725.773000
726.020000
726.167000
726.364000
726.503000
726.748000
727.019000
727.218000
727.296000
727.565000
727.752000
728.003000
728.125000
728.335000
728.499000
728.774000
728.956000
729.259000
729.400000
729.415000
729.793000
729.970000
730.195000
730.304000
730.608000
730.856000
731.016000
731.143000
731.378000
731.568000
731.771000
732.046000
732.190000
732.357000
732.619000
732.830000
733.027000
733.138000
733.314000
733.537000
733.688000
733.987000
734.148000
734.304000
734.623000
734.705000
734.908000
735.231000
735.366000
735.584000
735.676000
735.952000
736.022000
736.282000
736.508000
736.787000
736.996000
737.128000
737.326000
737.584000
737.714000
738.008000
738.134000
738.323000
738.560000
738.714000
738.950000
739.169000
739.367000
739.635000
739.762000
740.005000
740.162000
740.334000
740.502000
740.808000
740.998000
741.179000
741.386000
741.529000
741.705000
741.902000
742.126000
742.286000
742.538000
742.806000
742.974000
743.076000
743.375000
743.563000
743.783000
743.943000
744.183000
744.314000
744.542000
744.842000
745.055000
745.202000
745.319000
745.543000
745.761000
745.950000
746.180000
746.372000
746.538000
746.796000
746.961000
747.098000
747.274000
747.635000
747.864000
747.912000
748.157000
748.347000
748.523000
748.721000
748.978000
749.294000
749.435000
749.634000
749.718000
749.862000
750.184000
750.393000
750.478000
750.683000
750.969000
751.192000
751.370000
751.623000
751.717000
751.934000
752.193000
752.392000
752.646000
752.644000
752.873000
753.125000
753.361000
753.517000
753.745000
753.925000
754.182000
754.408000
754.631000
754.821000
754.972000
755.145000
755.400000
755.467000
755.762000
755.973000
756.286000
756.362000
756.493000
756.727000
756.981000
757.240000
757.308000
757.555000
757.683000
757.965000
758.078000
758.260000
758.555000
758.778000
758.989000
759.226000
759.435000
759.587000
759.727000
759.971000
760.140000
760.315000
760.531000
760.690000
761.020000
761.212000
761.483000
761.510000
761.691000
761.930000
762.259000
762.438000
762.538000
762.761000
762.966000
763.173000
763.336000
763.515000
763.736000
763.964000
764.151000
764.317000
764.559000
764.755000
764.885000
765.183000
765.458000
765.598000
765.798000
765.933000
766.178000
766.298000
766.621000
766.766000
766.944000
767.219000
767.358000
767.615000
767.787000
767.985000
768.136000
768.373000
768.506000
768.699000
768.911000
769.072000
769.399000
769.599000
769.716000
769.986000
770.080000
770.405000
770.579000
770.721000
770.893000
771.147000
771.453000
771.529000
771.666000
772.006000
772.145000
772.389000
772.606000
772.730000
773.031000
773.170000
773.380000
773.625000
773.788000
773.985000
774.160000
774.397000
774.574000
774.746000
774.950000
775.259000
775.351000
775.571000
775.785000
775.998000
776.133000
776.365000
776.476000
776.762000
776.949000
777.118000
777.318000
777.574000
777.737000
777.943000
778.208000
778.425000
778.652000
778.795000
778.924000
779.167000
779.387000
779.567000
779.860000
779.953000
780.278000
780.303000
780.547000
780.743000
780.892000
781.205000
781.417000
781.609000
781.749000
782.029000
782.268000
782.467000
782.585000
782.754000
783.019000
783.197000
783.394000
783.597000
783.710000
783.837000
784.187000
784.366000
784.650000
784.815000
784.986000
785.180000
785.341000
785.580000
785.830000
786.005000
786.162000
786.307000
786.599000
786.758000
786.939000
787.098000
787.358000
787.625000
787.749000
787.944000
788.124000
788.370000
788.534000
788.824000
788.815000
789.128000
789.351000
789.619000
789.835000
789.922000
790.116000
790.258000
790.490000
790.819000
791.015000
791.123000
791.333000
791.607000
791.822000
792.038000
792.187000
792.328000
792.554000
792.743000
792.946000
793.216000
793.442000
793.607000
793.753000
793.924000
794.189000
794.368000
794.560000
794.750000
794.944000
795.238000
795.428000
795.582000
795.813000
795.983000
796.207000
796.377000
796.590000
796.735000
796.937000
797.166000
797.439000
797.616000
797.807000
797.998000
798.175000
798.261000
798.469000
798.750000
799.004000
799.077000
799.243000
799.564000
799.773000
799.945000
800.242000
800.304000
800.551000
800.778000
800.971000
801.145000
801.314000
801.529000
801.728000
801.971000
802.084000
802.405000
802.558000
802.704000
802.897000
803.157000
803.338000
803.583000
803.696000
804.007000
804.210000
804.413000
804.575000
804.760000
804.959000
805.147000
805.363000
805.567000
805.758000
805.927000
806.127000
806.372000
806.524000
806.796000
806.923000
807.064000
807.307000
807.585000
807.719000
807.951000
808.151000
808.333000
808.520000
808.658000
809.003000
809.191000
809.282000
809.585000
809.778000
810.000000
810.180000
810.361000
810.611000
810.783000
810.996000
811.105000
811.396000
811.570000
811.759000
811.965000
812.144000
812.291000
812.525000
812.787000
813.000000
813.075000
813.335000
813.542000
813.713000
813.975000
814.080000
814.358000
814.529000
814.687000
814.899000
815.116000
815.447000
815.563000
815.658000
815.902000
816.149000
816.396000
816.573000
816.793000
816.995000
817.090000
817.331000
817.550000
817.761000
817.876000
818.090000
818.364000
818.518000
818.822000
818.939000
819.069000
819.334000
819.512000
819.751000
819.887000
820.181000
820.336000
820.516000
820.733000
820.964000
821.209000
821.326000
821.557000
821.795000
822.004000
822.216000
822.388000
822.556000
822.782000
822.917000
823.214000
823.378000
823.608000
823.760000
823.936000
824.091000
824.331000
824.642000
824.793000
824.901000
825.109000
825.395000
825.575000
825.810000
825.985000
826.127000
826.311000
826.616000
826.774000
826.869000
827.103000
827.290000
827.537000
827.752000
827.938000
828.015000
828.310000
828.426000
828.721000
828.946000
829.222000
829.415000
829.533000
829.734000
829.842000
830.162000
830.327000
830.576000
830.753000
830.937000
831.212000
831.360000
831.509000
831.756000
831.912000
832.077000
832.256000
832.515000
832.690000
833.034000
833.150000
833.387000
833.482000
833.745000
833.953000
834.129000
834.319000
834.534000
834.719000
834.937000
835.230000
835.351000
835.560000
835.752000
835.890000
836.190000
836.360000
836.514000
836.776000
836.938000
837.224000
837.306000
837.501000
837.727000
838.000000
838.135000
838.333000
838.504000
838.681000
838.904000
839.184000
839.409000
839.610000
839.794000
839.909000
840.137000
840.311000
840.550000
840.669000
840.974000
841.182000
841.330000
841.592000
841.771000
841.983000
842.252000
842.407000
842.575000
842.784000
842.931000
843.182000
843.365000
843.596000
843.746000
843.930000
844.150000
844.362000
844.562000
844.762000
844.949000
845.164000
845.347000
845.483000
845.797000
845.979000
846.188000
846.403000
846.589000
846.806000
846.951000
847.108000
847.339000
847.573000
847.810000
847.934000
848.187000
848.343000
848.542000
848.684000
848.945000
849.146000
849.304000
849.541000
849.701000
849.876000
850.121000
850.297000
850.459000
850.671000
850.942000
851.188000
851.237000
851.589000
851.822000
851.982000
852.077000
852.303000
852.547000
852.813000
852.981000
853.122000
853.340000
853.532000
853.791000
853.982000
854.164000
854.386000
854.502000
854.754000
854.951000
855.169000
855.261000
855.477000
855.679000
855.881000
856.119000
856.260000
856.547000
856.660000
856.966000
857.201000
857.372000
857.597000
857.814000
857.968000
858.110000
858.304000
858.462000
858.796000
858.994000
859.126000
859.328000
859.509000
859.770000
859.941000
860.129000
860.365000
860.510000
860.770000
860.950000
861.165000
861.257000
861.599000
861.706000
861.869000
862.130000
862.236000
862.546000
862.749000
862.847000
863.139000
863.317000
863.497000
863.758000
863.910000
864.103000
864.382000
864.475000
864.745000
864.941000
865.248000
865.378000
865.538000
865.691000
865.977000
866.156000
866.367000
866.592000
866.710000
866.910000
867.155000
867.343000
867.640000
867.796000
867.992000
868.125000
868.362000
868.538000
868.814000
868.971000
869.125000
869.316000
869.544000
869.753000
870.005000
870.209000
870.339000
870.613000
870.765000
870.961000
871.162000
871.283000
871.437000
871.830000
871.954000
872.168000
872.338000
872.608000
872.819000
872.978000
873.078000
873.320000
873.516000
873.697000
873.948000
874.196000
874.299000
874.605000
874.575000
874.969000
875.167000
875.267000
875.522000
875.676000
875.923000
876.190000
876.334000
876.522000
876.744000
876.882000
877.082000
877.305000
877.449000
877.725000
877.981000
878.142000
878.383000
878.537000
878.677000
878.865000
879.042000
879.314000
879.503000
879.686000
879.960000
880.174000
880.339000
880.552000
880.699000
880.911000
881.119000
881.326000
881.567000
881.785000
882.030000
882.246000
882.406000
882.546000
882.668000
883.018000
883.146000
883.330000
883.433000
883.646000
883.961000
884.056000
884.353000
884.494000
884.791000
884.856000
885.151000
885.315000
885.570000
885.710000
885.978000
886.111000
886.343000
886.502000
886.749000
887.014000
887.213000
887.274000
887.482000
887.778000
887.957000
888.185000
888.328000
888.616000
888.717000
889.039000
889.219000
889.302000
889.598000
889.789000
889.912000
890.176000
890.418000
890.519000
890.718000
890.937000
891.195000
891.375000
891.592000
891.669000
891.783000
892.101000
892.345000
892.570000
892.758000
892.964000
893.134000
893.416000
893.683000
893.782000
893.982000
894.119000
894.379000
894.604000
894.692000
894.936000
895.162000
895.340000
895.548000
895.735000
895.919000
896.206000
896.314000
896.561000
896.691000
896.923000
897.203000
897.308000
897.388000
897.681000
897.909000
898.165000
898.389000
898.478000
898.680000
898.953000
899.191000
899.326000
899.532000
899.777000
899.984000
900.177000
900.281000
900.535000
900.704000
900.971000
901.169000
901.367000
901.488000
901.783000
901.957000
902.170000
902.305000
902.605000
902.721000
902.785000
903.125000
903.304000
903.487000
903.736000
903.992000
904.156000
904.310000
904.525000
904.733000
905.029000
905.136000
905.266000
905.470000
905.729000
905.971000
906.237000
906.398000
906.545000
906.796000
907.013000
907.170000
907.322000
907.499000
907.772000
907.986000
908.189000
908.472000
908.601000
908.774000
909.037000
909.057000
909.411000
909.606000
909.706000
909.971000
910.157000
910.325000
910.552000
910.767000
910.890000
911.130000
911.396000
911.579000
911.798000
911.933000
912.132000
912.335000
912.550000
912.823000
912.961000
913.107000
913.374000
913.587000
913.737000
913.857000
914.116000
914.286000
914.503000
914.793000
914.891000
915.087000
915.286000
915.574000
915.773000
916.041000
916.075000
916.206000
916.535000
916.829000
917.018000
917.153000
917.342000
917.538000
917.840000
917.901000
918.173000
918.386000
918.570000
918.690000
919.050000
919.186000
919.308000
919.543000
919.731000
919.916000
920.166000
920.295000
920.569000
920.662000
920.865000
921.133000
921.426000
921.562000
921.803000
921.916000
922.154000
922.376000
922.593000
922.834000
922.912000
923.115000
923.337000
923.602000
923.704000
923.933000
924.136000
924.387000
924.527000
924.767000
924.986000
925.085000
925.375000
925.599000
925.819000
925.904000
926.089000
926.342000
926.511000
926.698000
926.938000
927.181000
927.318000
927.529000
927.725000
927.863000
928.142000
928.251000
928.516000
928.705000
928.958000
929.218000
929.373000
929.437000
929.693000
929.981000
930.207000
930.327000
930.435000
930.703000
930.915000
931.110000
931.381000
931.513000
931.616000
931.918000
932.168000
932.402000
932.645000
932.706000
932.917000
933.125000
933.324000
933.555000
933.783000
933.903000
934.113000
934.325000
934.563000
934.714000
934.895000
935.137000
935.315000
935.610000
935.827000
936.027000
936.128000
936.304000
936.494000
936.730000
936.955000
937.165000
937.300000
937.555000
937.754000
937.834000
938.125000
938.323000
938.559000
938.830000
938.872000
939.095000
939.213000
939.569000
939.734000
939.968000
940.159000
940.384000
940.552000
940.721000
940.917000
941.142000
941.337000
941.479000
941.623000
941.921000
942.144000
942.283000
942.484000
942.746000
943.003000
943.146000
943.341000
943.501000
943.691000
943.983000
944.145000
944.327000
944.497000
944.744000
944.944000
945.197000
945.394000
945.485000
945.717000
945.954000
946.140000
946.329000
946.510000
946.646000
946.936000
947.159000
947.338000
947.610000
947.672000
947.923000
948.080000
948.351000
948.628000
948.867000
948.965000
949.051000
949.265000
949.520000
949.726000
949.818000
950.174000
950.252000
950.577000
950.741000
950.941000
951.116000
951.369000
951.580000
951.796000
951.859000
952.136000
952.321000
952.431000
952.724000
952.890000
953.107000
953.364000
953.552000
953.765000
953.895000
954.151000
954.281000
954.489000
954.672000
954.872000
955.148000
955.365000
955.574000
955.756000
955.820000
956.174000
956.340000
956.507000
956.661000
956.933000
957.097000
957.386000
957.562000
957.707000
957.963000
958.137000
958.297000
958.554000
958.679000
958.941000
959.182000
959.363000
959.424000
959.612000
959.897000
960.050000
960.351000
960.542000
960.763000
961.004000
961.106000
961.319000
961.540000
961.745000
961.915000
962.171000
962.434000
962.523000
962.722000
962.894000
963.080000
963.343000
963.488000
963.714000
963.935000
964.109000
964.358000
964.567000
964.762000
964.912000
965.114000
965.297000
965.608000
965.783000
965.868000
966.117000
966.273000
966.442000
966.772000
966.898000
967.147000
967.325000
967.492000
967.741000
967.890000
968.173000
968.341000
968.524000
968.717000
968.917000
969.117000
969.262000
969.463000
969.741000
969.941000
970.133000
970.290000
970.531000
970.765000
970.965000
971.077000
971.160000
971.523000
971.749000
972.005000
972.141000
972.314000
972.495000
972.716000
972.916000
973.160000
973.391000
973.548000
973.735000
973.892000
974.105000
974.320000
974.482000
974.694000
974.943000
975.206000
975.375000
975.527000
975.707000
975.901000
976.130000
976.339000
976.526000
976.789000
976.903000
977.120000
977.309000
977.540000
977.776000
977.951000
978.086000
978.279000
978.573000
978.768000
978.946000
979.079000
979.206000
979.509000
979.791000
979.946000
980.121000
980.312000
980.347000
980.788000
980.942000
981.118000
981.301000
981.363000
981.655000
981.917000
982.237000
982.310000
982.431000
982.663000
982.977000
983.203000
983.349000
983.482000
983.693000
983.860000
984.144000
984.334000
984.594000
984.727000
984.869000
985.088000
985.356000
985.490000
985.705000
985.935000
986.108000
986.326000
986.377000
986.701000
986.926000
987.132000
987.403000
987.520000
987.702000
987.898000
988.188000
988.392000
988.506000
988.649000
988.847000
989.001000
989.299000
989.477000
989.687000
989.830000
990.094000
990.302000
990.582000
990.661000
990.947000
991.043000
991.290000
991.599000
991.727000
991.942000
992.182000
992.410000
992.486000
992.711000
992.963000
993.095000
993.339000
993.533000
993.743000
993.834000
994.153000
994.312000
994.563000
994.715000
994.894000
995.134000
995.399000
995.515000
995.706000
995.946000
996.130000
996.248000
996.529000
996.701000
996.948000
996.999000
997.326000
997.490000
997.685000
997.955000
998.113000
998.382000
998.440000
998.671000
998.955000
999.152000
999.416000
999.532000
999.798000
999.945000
1000.100000
1000.330000
1000.500000
1000.760000
1000.960000
1001.130000
1001.340000
1001.560000
1001.820000
1001.990000
1002.120000
1002.330000
1002.480000
1002.780000
1002.950000
1003.210000
1003.270000
1003.520000
1003.590000
1003.890000
1004.160000
1004.220000
1004.540000
1004.730000
1004.930000
1005.000000
1005.320000
1005.500000
1005.680000
1005.910000
1006.090000
1006.300000
1006.400000
1006.700000
1006.790000
1007.130000
1007.240000
1007.490000
1007.780000
1007.990000
1008.180000
1008.290000
1008.580000
1008.770000
1008.990000
1009.210000
1009.420000
1009.600000
1009.740000
1009.850000
1010.170000
1010.450000
1010.640000
1010.790000
1010.880000
1011.140000
1011.320000
1011.510000
1011.800000
1011.930000
1012.040000
1012.310000
1012.540000
1012.720000
1012.940000
1013.170000
1013.290000
1013.560000
1013.760000
1013.930000
1014.080000
1014.370000
1014.570000
1014.760000
1014.920000
1015.050000
1015.350000
1015.490000
1015.710000
1015.980000
1016.100000
1016.370000
1016.480000
1016.710000
1016.970000
1017.200000
1017.380000
1017.540000
1017.740000
1017.910000
1018.080000
1018.210000
1018.550000
1018.720000
1019.020000
1019.210000
1019.260000
1019.520000
1019.730000
1019.950000
1020.150000
1020.340000
1020.530000
1020.760000
1020.880000
1021.120000
1021.280000
1021.460000
1021.810000
1022.010000
1022.140000
1022.310000
1022.550000
1022.720000
1022.890000
1023.090000
1023.410000
1023.560000
1023.690000
1023.960000
1024.100000
1024.410000
1024.560000
1024.660000
1024.940000
1025.040000
1025.290000
1025.590000
1025.740000
1025.840000
1026.040000
1026.360000
1026.550000
1026.750000
1026.900000
1027.150000
1027.310000
1027.490000
1027.680000
1027.880000
1028.190000
1028.410000
1028.470000
1028.730000
1028.980000
1029.180000
1029.300000
1029.580000
1029.730000
1029.970000
1030.200000
1030.340000
1030.500000
1030.690000
1030.830000
1031.070000
1031.380000
1031.460000
1031.690000
1031.940000
1032.140000
1032.310000
1032.520000
1032.750000
1032.960000
1033.160000
1033.420000
1033.530000
1033.750000
1033.990000
1034.110000
1034.330000
1034.480000
1034.690000
1034.940000
1035.150000
1035.350000
1035.520000
1035.730000
1036.000000
1036.150000
1036.250000
1036.550000
1036.740000
1036.950000
1037.190000
1037.250000
1037.530000
1037.760000
1037.900000
1038.110000
1038.320000
1038.540000
1038.760000
1038.910000
1039.000000
1039.330000
1039.550000
1039.710000
1039.940000
1040.130000
1040.300000
1040.550000
1040.800000
1040.980000
1041.220000
1041.420000
1041.530000
1041.710000
1041.930000
1042.190000
1042.340000
1042.520000
1042.720000
1042.920000
1043.100000
1043.320000
1043.410000
1043.740000
1043.960000
1044.180000
1044.360000
1044.490000
1044.750000
1045.040000
1045.150000
1045.290000
1045.510000
1045.750000
1045.950000
1046.100000
1046.420000
1046.630000
1046.810000
1046.870000
1047.140000
1047.320000
1047.540000
1047.710000
1047.920000
