26.912900
26.857800
26.846300
26.873700
26.880700
26.887100
26.831600
26.827700
26.847100
26.857900
26.807000
26.820600
26.825500
26.821600
26.813000
26.803400
26.816600
26.782400
26.810600
26.818000
26.819600
26.817500
26.813000
26.836300
26.808000
26.843700
26.883000
26.814600
26.813400
26.826400
26.826000
26.810400
26.832300
26.788100
26.853200
26.845300
26.816200
26.837900
26.851100
26.826500
26.857500
26.831200
26.815900
26.847800
26.784600
26.796500
26.835300
26.814100
26.807700
26.837300
26.825800
26.859000
26.816000
26.840000
26.807300
26.784400
26.892500
26.854100
26.829700
26.850000
26.770700
26.838000
26.864100
26.812600
26.842200
26.791600
26.844500
26.810800
26.795300
26.879500
26.815000
26.841300
26.827400
26.841200
26.843900
26.813000
26.825600
26.825400
26.847000
26.805100
26.826200
26.825000
26.868400
26.846800
26.846000
26.897600
26.875600
26.881700
26.868100
26.856300
26.826300
26.836300
26.790800
26.923000
26.814400
26.847700
26.836400
26.887300
26.872900
26.849400
26.812100
26.814700
26.826400
26.850800
26.851000
26.809700
26.880200
26.859000
26.826800
26.801100
26.825700
26.849600
26.856400
26.819200
26.844400
26.806700
26.829100
26.839000
26.815600
26.885000
26.775700
26.845000
26.826800
26.883100
26.820700
26.832000
26.860300
26.851200
26.833300
26.855500
26.792900
26.864700
26.796300
26.827700
26.850100
26.847300
26.801200
26.856200
26.831300
26.805700
26.907000
26.838200
26.833300
26.823500
26.801000
26.820000
26.790900
26.797700
26.835100
26.811000
26.790400
26.851000
26.829300
26.833000
26.842300
26.852200
26.781400
26.862100
26.827600
26.806300
26.785800
26.829700
26.803800
26.790700
26.831700
26.801000
26.791400
26.778600
26.773100
26.816800
26.794200
26.778400
26.847900
26.800800
26.779600
26.831100
26.807500
26.811900
26.848900
26.821800
26.804300
26.795000
26.786000
26.814100
26.788700
26.854400
26.847000
26.810800
26.818100
26.802900
26.785800
26.808800
26.794400
26.796200
26.772300
26.855000
26.869500
26.790100
26.834400
26.796300
26.864500
26.781600
26.759900
26.865700
26.829000
26.866900
26.821500
26.818400
26.785600
26.825600
26.798400
26.848700
26.805000
26.815300
26.794700
26.813700
26.835200
26.802900
26.808400
26.848600
26.788100
26.819500
26.806500
26.762400
26.793500
26.846300
26.806400
26.837300
26.789200
26.788600
26.792000
26.801300
26.837600
26.805600
26.792300
26.791000
26.794500
26.775000
26.809200
26.807100
26.859700
26.800200
26.776400
26.808400
26.793900
26.869100
26.787800
26.839800
26.854100
26.809100
26.820000
26.800400
26.814900
26.775900
26.791400
26.823200
26.827200
26.834300
26.814700
26.809900
26.796900
26.817000
26.793000
26.799700
26.817300
26.775300
26.826600
26.823500
26.819700
26.779100
26.813200
26.781500
26.799600
26.797600
26.781400
26.805100
26.782100
26.787900
26.812500
26.792800
26.821000
26.802700
26.839400
26.817700
26.820300
26.812800
26.848900
26.857800
26.807000
26.764700
26.790200
26.805900
26.815800
26.756200
26.784500
26.846800
26.815200
26.832200
26.800600
26.812100
26.775900
26.782800
26.794100
26.812900
26.789400
26.808800
26.861000
26.826700
26.824500
26.828500
26.805000
26.787300
26.811900
26.778500
26.785200
26.786700
26.819100
26.781900
26.785500
26.871400
26.802400
26.797100
26.876700
26.838800
26.786200
26.815400
26.843000
26.817000
26.791700
26.805300
26.815800
26.809000
26.857000
26.827100
26.802800
26.823700
26.798800
26.880900
26.816700
26.792100
26.782600
26.837800
26.845700
26.753900
26.830800
26.787700
26.823100
26.795800
26.839400
26.737100
26.760500
26.791000
26.747800
26.793500
26.841200
26.767400
26.795800
26.782600
26.845200
26.872800
26.765300
26.779800
26.779800
26.781700
26.831600
26.856700
26.804600
26.794200
26.770600
26.815600
26.816500
26.799100
26.821900
26.782900
26.844500
26.776700
26.796900
26.815800
26.826700
26.821100
26.837900
26.911800
26.807900
26.847000
26.787600
26.782700
26.871800
26.800300
26.776900
26.787700
26.814800
26.826200
26.797700
26.811500
26.834200
26.789000
26.780300
26.843200
26.819100
26.770000
26.764700
26.778500
26.823200
26.767600
26.791600
26.819800
26.795000
26.804500
26.762500
26.811300
26.784900
26.824200
26.854200
26.829500
26.802900
26.832800
26.796400
26.817500
26.774800
26.802900
26.789500
26.812100
26.823000
26.810000
26.790300
26.787100
26.850100
26.797000
26.769200
26.768500
26.807900
26.833100
26.812300
26.854400
26.769800
26.811100
26.786400
26.804000
26.853500
26.803100
26.780200
26.795700
26.783100
26.823600
26.812800
26.805300
26.805100
26.835300
26.855000
26.878100
26.784500
26.800500
26.802100
26.807000
26.874000
26.772900
26.797200
26.838600
26.812000
26.817300
26.833100
26.816400
26.818600
26.869700
26.798900
26.856800
26.801900
26.801900
26.824300
26.806600
26.828700
26.795700
26.814900
26.833800
26.813200
26.804300
26.890000
26.815200
26.833000
26.812600
26.792000
26.793500
26.831600
26.865000
26.843400
26.818500
26.843600
26.817200
26.871300
26.788600
26.822100
26.790600
26.809600
26.817900
26.849900
26.867700
26.835000
26.860100
26.826500
26.788900
26.832500
26.774200
26.788700
26.807400
26.744600
26.822400
26.801500
26.793000
26.834100
26.817200
26.800300
26.853600
26.775200
26.794600
26.806200
26.880200
26.803300
26.807700
26.849700
26.789600
26.835000
26.771500
26.824500
26.819800
26.772200
26.862600
26.815100
26.793900
26.815700
26.808900
26.796500
26.798100
26.809300
26.791800
26.810400
26.810800
26.824500
26.859500
26.872900
26.803500
26.928500
26.819100
26.807400
26.815000
26.816200
26.797900
26.786500
26.888800
26.831100
26.807400
26.842000
26.785300
26.845000
26.788000
26.818000
26.880500
26.781200
26.846200
26.804500
26.835000
26.811800
26.823500
26.824600
26.827800
26.835400
26.827400
26.812300
26.794300
26.841700
26.771300
26.830900
26.850100
26.813300
26.784300
26.825700
26.814500
26.783500
26.785000
26.804300
26.809900
26.827900
26.838600
26.766600
26.886800
26.826900
26.845100
26.843500
26.856800
26.827100
26.857800
26.857300
26.854500
26.777600
26.862700
26.869000
26.819100
26.831400
26.850700
26.813200
26.792600
26.791000
26.798100
26.813400
26.782700
26.817300
26.834400
26.826600
26.855400
26.803900
26.821000
26.843700
26.822200
26.776000
26.830100
26.823600
26.819600
26.889000
26.815900
26.810000
26.790900
26.844800
26.795300
26.861900
26.833000
26.846300
26.848300
26.788700
26.818700
26.807600
26.840500
26.833000
26.835100
26.878900
26.782900
26.852000
26.772400
26.839300
26.821600
26.869100
26.874900
26.818700
26.817800
26.828800
26.790400
26.797200
26.800900
26.786400
26.835800
26.808900
26.817600
26.879500
26.852500
26.830600
26.787200
26.786300
26.839600
26.809400
26.799200
26.826600
26.858400
26.817600
26.883800
26.845900
26.779800
26.808300
26.772000
26.813700
26.819100
26.829300
26.807100
26.831100
26.799000
26.853700
26.825400
26.825900
26.793600
26.840000
26.776900
26.786100
26.791100
26.767400
26.783700
26.819300
26.831600
26.849700
26.807300
26.823900
26.843900
26.815500
26.840300
26.855400
26.832300
26.824500
26.785400
26.880400
26.772600
26.825700
26.831300
26.816800
26.805100
26.826700
26.841900
26.778000
26.854700
26.831000
26.801800
26.822600
26.810200
26.811700
26.810900
26.785700
26.818900
26.807500
26.815100
26.840100
26.809000
26.844800
26.788000
26.782500
26.812600
26.840300
26.841700
26.826100
26.802600
26.800100
26.816400
26.822800
26.824100
26.820800
26.777600
26.863600
26.791700
26.875600
26.798700
26.827100
26.835400
26.797000
26.801800
26.816500
26.822300
26.837200
26.907900
26.843000
26.875800
26.777100
26.791100
26.844500
26.844800
26.800900
26.875500
26.876000
26.831100
26.876000
26.804500
26.788200
26.808900
26.850000
26.800000
26.805500
26.850800
26.806500
26.815800
26.825200
26.866700
26.844800
26.830500
26.824900
26.816200
26.845700
26.802300
26.819100
26.825500
26.829800
26.771600
26.783800
26.846200
26.842400
26.804100
26.774600
26.814800
26.946500
26.822000
26.848000
26.830200
26.818400
26.804700
26.925800
26.798000
26.809700
26.801900
26.808900
26.813200
26.814300
26.814700
26.826000
26.783500
26.831700
26.781200
26.805300
26.760500
26.845200
26.806300
26.792000
26.785000
26.812800
26.804000
26.791800
26.807000
26.847100
26.861000
26.803900
26.817900
26.819000
26.780600
26.847700
26.885100
26.811400
26.774000
26.820500
26.810200
26.788100
26.776500
26.811900
26.831600
26.766700
26.826700
26.839100
26.825700
26.798900
26.808200
26.807700
26.797000
26.818900
26.871900
26.797300
26.815100
26.760400
26.911100
26.792000
26.816800
26.810700
26.901000
26.816200
26.845500
26.834700
26.814700
26.852800
26.848400
26.851000
26.811200
26.861900
26.836700
26.810400
26.816500
26.812800
26.855300
26.825300
26.849200
26.813100
26.800000
26.856100
26.768500
26.826500
26.787400
26.828900
26.798100
26.811600
26.823900
26.860500
26.866200
26.829600
26.829100
26.906200
26.815400
26.820000
26.810500
26.765000
26.775900
26.869800
26.791000
26.878200
26.810200
26.777300
26.775200
26.791900
26.770500
26.802800
26.814600
26.860400
26.837500
26.798200
26.838300
26.804800
26.834400
26.775200
26.813400
26.795400
26.886200
26.836300
26.824600
26.823000
26.797100
26.822800
26.787200
26.795600
26.883200
26.785300
26.767200
26.782700
26.783700
26.779700
26.820900
26.830800
26.849600
26.826500
26.817400
26.769700
26.812100
26.775600
26.760700
26.795800
26.762800
26.794800
26.786900
26.831300
26.804400
26.821000
26.817000
26.764900
26.858000
26.827100
26.903900
26.823900
26.814300
26.819000
26.873800
26.815600
26.813200
26.880500
26.809100
26.781900
26.883600
26.849800
26.853600
26.838800
26.806700
26.777800
26.836200
26.831900
26.815500
26.836400
26.768700
26.817500
26.821200
26.843100
26.777100
26.822600
26.808500
26.830200
26.883600
26.811600
26.847500
26.843300
26.833900
26.812300
26.818200
26.780400
26.805900
26.790600
26.786900
26.839600
26.804200
26.784800
26.808200
26.802900
26.795900
26.806700
26.779900
26.769900
26.804900
26.845200
26.833400
26.840500
26.783800
26.804400
26.813100
26.732800
26.792200
26.855000
26.780000
26.795500
26.774100
26.780300
26.778400
26.863200
26.826600
26.790000
26.822700
26.792700
26.808900
26.836100
26.793200
26.834300
26.839700
26.809200
26.803200
26.817900
26.773300
26.833300
26.808100
26.794100
26.813300
26.791700
26.818300
26.798500
26.846000
26.820100
26.817100
26.809400
26.818900
26.815200
26.799200
26.760800
26.774300
26.781800
26.869300
26.757900
26.822800
26.805300
26.796700
26.801500
26.790500
26.797400
26.817800
26.828200
26.830900
26.812900
26.803400
26.873400
26.814500
26.820700
26.832500
26.846800
26.813100
26.881500
26.799900
26.891000
26.845200
26.842300
26.829500
26.823500
26.844000
26.833900
26.879500
26.847100
26.808800
26.801500
26.799200
26.803500
26.792700
26.836600
26.802000
26.764600
26.787600
26.827000
26.817500
26.796000
26.811600
26.856100
26.809400
26.845000
26.819700
26.822500
26.819400
26.793400
26.786800
26.813700
26.804000
26.833600
26.796900
26.860000
26.796100
26.876300
26.810800
26.841700
26.827200
26.795500
26.795800
26.812800
26.808100
26.844600
26.864400
26.838000
26.815000
26.794000
26.810100
26.823500
26.791500
26.798000
26.844300
26.815000
26.839900
26.810400
26.809100
26.860400
26.847200
26.798200
26.775100
26.801100
26.792500
26.828200
26.792800
26.804400
26.783400
26.787600
26.808500
26.786300
26.799600
26.819800
26.848600
26.838600
26.813000
26.817000
26.785300
26.851500
26.793300
26.787600
26.811500
26.813500
26.890900
26.845600
26.842400
26.825400
26.784000
26.794700
26.801400
26.790600
26.795900
26.832400
26.837200
26.877400
26.818500
26.796500
26.793200
26.855500
26.780100
26.879300
26.844300
26.822900
26.860500
26.800400
26.821000
26.786700
26.881000
26.802200
26.806600
26.819400
26.851200
26.822100
26.840200
26.824000
26.842200
26.830900
26.848300
26.825200
26.861700
26.818000
26.810200
26.790900
26.813100
26.844600
26.844700
26.846100
26.831300
26.829800
26.818800
26.797900
26.823600
26.822100
26.781400
26.810700
26.827900
26.802700
26.879800
26.809000
26.825200
26.778400
26.837500
26.811900
26.802300
26.830800
26.787400
26.779700
26.841000
26.816500
26.814300
26.788400
26.806800
26.862300
26.785100
26.860800
26.790200
26.856100
26.855300
26.839900
26.878700
26.785100
26.781600
26.792100
26.842000
26.817300
26.845200
26.797200
26.884800
26.853300
26.847300
26.830700
26.826900
26.822900
26.842600
26.801500
26.819900
26.825900
26.844700
26.801000
26.827300
26.822100
26.841700
26.862100
26.834200
26.793900
26.805500
26.781300
26.810500
26.772300
26.833800
26.811300
26.784100
26.816900
26.769400
26.831300
26.821000
26.793200
26.795200
26.783500
26.807400
26.797900
26.827200
26.817400
26.824000
26.833500
26.764800
26.768300
26.760500
26.730900
26.741000
26.807400
26.783400
26.746900
26.795400
26.763000
26.750900
26.777400
26.745700
26.776800
26.771500
26.766500
26.794500
26.789200
26.749400
26.809700
26.793500
26.786400
26.772000
26.744700
26.765800
26.745700
26.822300
26.763700
26.784900
26.798500
26.822900
26.779800
26.792600
26.759500
26.750500
26.766000
26.745900
26.779900
26.787500
26.808100
26.763000
26.755000
26.760300
26.770200
26.773300
26.730500
26.793300
26.757500
26.809900
26.795400
26.830800
26.824900
26.802400
26.751200
26.766200
26.773500
26.781400
26.769400
26.705800
26.816500
26.852500
26.879000
26.798400
26.786800
26.800500
26.739500
26.763700
26.786900
26.752000
26.757500
26.821500
26.784300
26.785000
26.748000
26.755300
26.749900
26.785500
26.733900
26.746500
26.719000
26.785800
26.743900
26.776400
26.860100
26.824600
26.799200
26.816100
26.776800
26.818200
26.743500
26.729900
26.756100
26.795700
26.738600
26.807000
26.792400
26.761100
26.786100
26.788600
26.801800
26.752100
26.805600
26.775700
26.763300
26.769200
26.776500
26.755200
26.806600
26.759200
26.760800
26.801100
26.773700
26.748300
26.774300
26.816800
26.749900
26.768100
26.756500
26.760100
26.836900
26.824600
26.785400
26.770500
26.745600
26.823800
26.776500
26.796300
26.794900
26.757700
26.824300
26.783600
26.759800
26.808900
26.751300
26.794300
26.787600
26.759900
26.770600
26.806800
26.814500
26.796300
26.784000
26.779900
26.804800
26.762800
26.829600
26.753700
26.818200
26.745900
26.828200
26.816900
26.791800
26.792200
26.800600
26.743000
26.811100
26.808200
26.768800
26.772000
26.792600
26.792700
26.778400
26.788600
26.782700
26.860500
26.788200
26.762900
26.796100
26.749200
26.727700
26.742200
26.755900
26.766800
26.806100
26.779800
26.763000
26.778300
26.735500
26.760900
26.755000
26.775000
26.774600
26.840300
26.764300
26.797900
26.843500
26.816800
26.801300
26.801800
26.790200
26.787600
26.788300
26.804200
26.751400
26.771500
26.745900
26.842600
26.800700
26.815400
26.743300
26.740400
26.792700
26.829400
26.754300
26.767400
26.813400
26.814900
26.778500
26.815800
26.811800
26.766000
26.744400
26.785400
26.777600
26.754300
26.801400
26.813300
26.815200
26.752100
26.832800
26.849000
26.794800
26.797300
26.749400
26.762500
26.816100
26.768600
26.771200
26.823800
26.776700
26.759500
26.775600
26.806900
26.800400
26.799100
26.776500
26.780400
26.809400
26.761600
26.754000
26.862100
26.798300
26.752500
26.780600
26.791800
26.768300
26.851500
26.853300
26.750900
26.763800
26.750200
26.777000
26.751200
26.800400
26.777800
26.750300
26.778900
26.773300
26.839400
26.793800
26.764800
26.755200
26.746900
26.783700
26.781100
26.794400
26.760900
26.811700
26.755500
26.711000
26.813100
26.745700
26.800100
26.758900
26.754900
26.785300
26.743200
26.766200
26.790000
26.824700
26.728300
26.774400
26.782200
26.751800
26.763600
26.755600
26.745800
26.849100
26.796400
26.785600
26.789400
26.791200
26.787500
26.787100
26.756600
26.801200
26.748300
26.777900
26.721400
26.748000
26.783800
26.786400
26.797000
26.749700
26.805600
26.797400
26.756000
26.767400
26.715200
26.710100
26.729200
26.758500
26.816600
26.726300
26.820900
26.880900
26.779500
26.857200
26.792900
26.798600
26.771900
26.766600
26.777300
26.734600
26.777100
26.772300
26.778300
26.808400
26.803900
26.777100
26.724300
26.806400
26.729400
26.781500
26.794300
26.727400
26.754900
26.760400
26.820100
26.746800
26.737500
26.767700
26.802900
26.736400
26.797800
26.728000
26.809600
26.784100
26.794900
26.741000
26.719900
26.806000
26.760900
26.744900
26.746300
26.726600
26.762800
26.783800
26.827500
26.736600
26.809000
26.795300
26.770800
26.777600
26.706300
26.757200
26.786000
26.776900
26.777600
26.742900
26.802600
26.766200
26.737300
26.751400
26.757500
26.834200
26.753000
26.768800
26.767800
26.780300
26.779600
26.784800
26.822800
26.748200
26.815000
26.772600
26.734900
26.780400
26.725200
26.786400
26.737400
26.795500
26.785700
26.755200
26.798700
26.814600
26.781900
26.781100
26.776900
26.842900
26.889200
26.734400
26.804200
26.839100
26.790600
26.731000
26.830000
26.804600
26.724400
26.777500
26.836500
26.821200
26.775800
26.759500
26.819000
26.839400
26.770800
26.823400
26.767300
26.774600
26.755100
26.756400
26.747800
26.745200
26.767200
26.751500
26.790500
26.753700
26.827800
26.780200
26.797200
26.815200
26.784200
26.788200
26.814500
26.774100
26.829200
26.795600
26.785500
26.781400
26.756700
26.760500
26.731200
26.729500
26.781500
26.784000
26.782400
26.753900
26.755900
26.810300
26.844800
26.776700
26.754000
26.785300
26.764000
26.799800
26.830400
26.762500
26.814200
26.801400
26.785500
26.790400
26.751300
26.770200
26.750700
26.778500
26.806100
26.784000
26.731100
26.803700
26.843400
26.845700
26.754900
26.769200
26.788200
26.763200
26.831300
26.779300
26.808200
26.775800
26.758700
26.797500
26.786700
26.744600
26.786700
26.797100
26.808100
26.804700
26.854500
26.787800
26.764600
26.767200
26.779400
26.787800
26.769100
26.741300
26.755900
26.765200
26.747300
26.757700
26.772500
26.785200
26.735700
26.765400
26.731200
26.843200
26.728300
26.766700
26.708000
26.768400
26.757500
26.761200
26.793700
26.821000
26.793900
26.773000
26.784200
26.752800
26.752100
26.849000
26.766900
26.805300
26.740700
26.767000
26.844100
26.799700
26.730200
26.763200
26.758100
26.768800
26.737100
26.768300
26.825500
26.777300
26.774500
26.779800
26.758900
26.803100
26.787200
26.832800
26.798900
26.740000
26.752100
26.763400
26.755500
26.773900
26.793900
26.766000
26.801200
26.747100
26.768400
26.727900
26.751400
26.787800
26.763800
26.802900
26.765700
26.777200
26.785500
26.788300
26.805500
26.792800
26.790300
26.785900
26.777200
26.789400
26.800100
26.828200
26.730300
26.857500
26.724100
26.750200
26.807400
26.789700
26.783700
26.751000
26.780900
26.785400
26.750900
26.753800
26.767200
26.814400
26.803900
26.770600
26.786600
26.825400
26.830100
26.774600
26.823300
26.784300
26.798100
26.816600
26.810900
26.797000
26.820400
26.785300
26.791300
26.803000
26.719600
26.759900
26.810500
26.781400
26.821400
26.813600
26.735600
26.804000
26.777900
26.861500
26.808700
26.809100
26.793100
26.774200
26.792000
26.776700
26.763700
26.747900
26.765500
26.771000
26.767600
26.762100
26.837200
26.786000
26.829900
26.766000
26.776300
26.750900
26.751900
26.779400
26.769700
26.763900
26.765000
26.868600
26.772700
26.795000
26.791300
26.805400
26.763300
26.796000
26.811000
26.805600
26.792200
26.778700
26.762600
26.767000
26.774600
26.796400
26.790800
26.863200
26.820000
26.767100
26.770700
26.798000
26.766600
26.827500
26.740300
26.767800
26.779200
26.767800
26.781700
26.804400
26.769100
26.781100
26.796000
26.793600
26.779400
26.827800
26.759700
26.828900
26.869200
26.781500
26.768200
26.804400
26.794500
26.773100
26.756300
26.810500
26.761900
26.762400
26.749500
26.754700
26.808200
26.767800
26.808500
26.742200
26.774200
26.751800
26.774600
26.795900
26.801500
26.779600
26.800300
26.763900
26.762400
26.808200
26.785700
26.777200
26.793000
26.759400
26.791900
26.813900
26.780400
26.828600
26.740600
26.784300
26.762700
26.812300
26.744900
26.749700
26.758100
26.729400
26.773500
26.786300
26.779500
26.794400
26.776100
26.826400
26.789100
26.786900
26.755100
26.776800
26.778200
26.741600
26.756400
26.773700
26.854500
26.781100
26.769300
26.777100
26.767800
26.765800
26.771700
26.791800
26.732500
26.810300
26.803000
26.783800
26.785800
26.735300
26.758200
26.814600
26.779900
26.792300
26.774100
26.790600
26.788000
26.753500
26.770100
26.779200
26.730300
26.798600
26.797300
26.770100
26.770600
26.817900
26.824100
26.780200
26.766900
26.762900
26.731700
26.747800
26.784100
26.772200
26.872400
26.858000
26.822100
26.778400
26.744800
26.773500
26.846600
26.737800
26.756700
26.746500
26.781700
26.756000
26.786900
26.793700
26.843300
26.795600
26.797100
26.810400
26.733000
26.811600
26.749000
26.748200
26.784200
26.783800
26.755800
26.774500
26.781500
26.793200
26.752100
26.767400
26.732400
26.818500
26.780100
26.738000
26.758600
26.776000
26.798100
26.838000
26.763500
26.750300
26.705100
26.784000
26.805300
26.760200
26.759200
26.813500
26.749200
26.781900
26.791500
26.816500
26.774100
26.800100
26.766800
26.807800
26.750400
26.741300
26.752900
26.767800
26.778700
26.769500
26.791400
26.768900
26.790500
26.785300
26.742000
26.786000
26.844700
26.775600
26.780100
26.844300
26.843800
26.757100
26.820100
26.783000
26.784000
26.775300
26.732200
26.762300
26.786000
26.787700
26.762800
26.738800
26.745200
26.785800
26.788900
26.782300
26.802900
26.750300
26.767400
26.750200
26.790400
26.766800
26.755000
26.795500
26.769800
26.765400
26.768600
26.724000
26.774500
26.797000
26.746900
26.723900
26.767500
26.786300
26.773200
26.832500
26.793200
26.773000
26.754800
26.738800
26.784200
26.738900
26.729400
26.791700
26.758500
26.790500
26.778300
26.785500
26.733000
26.762800
26.822700
26.765300
26.775400
26.870000
26.742800
26.754500
26.733700
26.748000
26.776700
26.769500
26.733500
26.847200
26.759100
26.740700
26.758400
26.747600
26.790300
26.781700
26.741200
26.740900
26.770700
26.797800
26.795800
26.744800
26.739200
26.790000
26.750400
26.778600
26.822400
26.691500
26.790800
26.791800
26.758800
26.784300
26.780700
26.812600
26.763800
26.815600
26.780700
26.804100
26.775300
26.810800
26.868500
26.806400
26.819400
26.810600
26.769700
26.744200
26.761600
26.822500
26.765800
26.796200
26.773800
26.732800
26.764700
26.850100
26.789300
26.775200
26.793500
26.832400
26.752600
26.762500
26.763100
26.814400
26.794500
26.790300
26.790100
26.787100
26.773400
26.760000
26.825300
26.795100
26.739500
26.739900
26.760000
26.758800
26.748200
26.719400
26.763800
26.767600
26.783000
26.750700
26.787800
26.766600
26.741600
26.718400
26.782300
26.716200
26.716200
26.737800
26.744700
26.786500
26.767000
26.755200
26.749000
26.788400
26.752800
26.731700
26.729100
26.752700
26.781600
26.762100
26.758100
26.779500
26.724600
26.825800
26.734800
26.735700
26.808600
26.771400
26.777600
26.743300
26.752300
26.800100
26.774600
26.768000
26.785900
26.758800
26.790100
26.721600
26.772200
26.771500
26.762200
26.710200
26.746400
26.769400
26.757200
26.747200
26.783700
26.820800
26.757300
26.783500
26.764300
26.736200
26.778400
26.740400
26.750000
26.759700
26.746900
26.733100
26.786600
26.724700
26.760200
26.779200
26.751700
26.761400
26.736700
26.723500
26.777200
26.820900
26.720400
26.724800
26.710300
26.748200
26.703900
26.768300
26.790400
26.770700
26.715500
26.724300
26.741000
26.825300
26.786900
26.706900
26.728900
26.742400
26.733900
26.695600
26.708900
26.732100
26.745700
26.713900
26.729000
26.752500
26.714700
26.779100
26.781200
26.741100
26.749200
26.740100
26.737200
26.761500
26.731500
26.763700
26.745900
26.773900
26.798600
26.736600
26.787000
26.751800
26.798700
26.768000
26.759700
26.868900
26.752400
26.705100
26.742200
26.817800
26.719500
26.769300
26.800200
26.803200
26.735300
26.749600
26.757800
26.720100
26.717100
26.715400
26.784000
26.781000
26.773300
26.790500
26.745300
26.741700
26.767900
26.737400
26.763800
26.768600
26.774600
26.817700
26.753400
26.761000
26.799800
26.789000
26.835100
26.752300
26.720800
26.711500
26.743700
26.778600
26.804500
26.776200
26.801200
26.764500
26.797500
26.807500
26.706100
26.771600
26.797500
26.759500
26.738400
26.755900
26.817200
26.765400
26.865000
26.809700
26.784400
26.727800
26.788300
26.749500
26.746800
26.748800
26.852000
26.752200
26.813200
26.771400
26.738400
26.725100
26.745300
26.762500
26.702400
26.790200
26.749700
26.798300
26.728600
26.841500
26.784000
26.733300
26.782600
26.782300
26.754000
26.766500
26.732300
26.799400
26.821700
26.768900
26.800000
26.790400
26.752400
26.791400
26.723700
26.802500
26.774300
26.785600
26.750100
26.731000
26.783800
26.754300
26.781300
26.738400
26.793800
26.862700
26.762000
26.808400
26.783200
26.766400
26.810100
26.807300
26.779800
26.890600
26.813600
26.773000
26.784800
26.772400
26.807400
26.875700
26.799100
26.764100
26.802700
26.757000
26.765100
26.837100
26.784600
26.765200
26.738100
26.786200
26.797400
26.751900
26.804500
26.747000
26.740200
26.799900
26.732900
26.775200
26.776800
26.787900
26.822700
26.758100
26.779100
26.818600
26.781200
26.776200
26.797700
26.788700
26.788100
26.751000
26.779100
26.759300
26.762300
26.798300
26.771600
26.767000
26.760000
26.776200
26.739000
26.768900
26.778400
26.751100
26.812600
26.748600
26.790900
26.753200
26.765300
26.784800
26.757500
26.773200
26.772800
26.743200
26.783700
26.790500
26.775900
26.782600
26.804400
26.827300
26.799800
26.796600
26.782000
26.777400
