548.007000
548.092000
548.228000
548.493000
548.821000
548.976000
549.125000
549.325000
549.523000
549.802000
549.903000
550.155000
550.310000
550.565000
550.682000
550.933000
551.076000
551.291000
551.538000
551.737000
551.859000
552.137000
552.366000
552.516000
552.654000
552.960000
553.133000
553.277000
553.548000
553.823000
554.035000
554.136000
554.345000
554.599000
554.753000
554.944000
555.137000
555.305000
555.447000
555.752000
555.965000
556.057000
556.262000
556.472000
556.651000
556.938000
557.211000
557.333000
557.547000
557.682000
557.839000
558.084000
558.316000
558.458000
558.693000
558.847000
559.126000
559.379000
559.535000
559.666000
559.943000
560.132000
560.331000
560.498000
560.651000
560.919000
561.144000
561.393000
561.557000
561.736000
561.913000
562.111000
562.331000
562.597000
562.758000
562.957000
563.082000
563.291000
563.531000
563.782000
563.910000
564.134000
564.311000
564.537000
564.812000
564.862000
565.200000
565.452000
565.594000
565.744000
565.920000
566.085000
566.342000
566.502000
566.702000
566.846000
567.069000
567.300000
567.580000
567.727000
567.914000
568.116000
568.323000
568.460000
568.643000
568.810000
569.058000
569.268000
569.552000
569.725000
569.871000
570.076000
570.331000
570.630000
570.791000
570.938000
571.070000
571.296000
571.463000
571.782000
571.883000
572.082000
572.310000
572.490000
572.814000
573.007000
573.149000
573.373000
573.536000
573.756000
574.024000
574.143000
574.278000
574.531000
574.661000
574.828000
575.212000
575.375000
575.537000
575.753000
575.909000
576.205000
576.421000
576.580000
576.708000
576.960000
577.093000
577.360000
577.566000
577.800000
577.878000
578.162000
578.285000
578.513000
578.723000
578.879000
579.194000
579.436000
579.600000
579.654000
579.948000
580.176000
580.363000
580.610000
580.764000
580.910000
581.126000
581.335000
581.575000
581.688000
581.933000
582.122000
582.344000
582.588000
582.753000
583.027000
583.169000
583.373000
583.617000
583.646000
583.817000
584.164000
584.360000
584.604000
584.802000
584.860000
585.119000
585.279000
585.591000
585.786000
585.948000
586.153000
586.302000
586.647000
586.763000
587.028000
587.190000
587.311000
587.518000
587.827000
587.810000
588.141000
588.381000
588.534000
588.719000
588.875000
589.064000
589.281000
589.545000
589.805000
589.927000
590.175000
590.270000
590.548000
590.733000
590.966000
591.151000
591.358000
591.434000
591.737000
591.980000
592.171000
592.327000
592.506000
592.663000
592.923000
593.139000
593.245000
593.490000
593.760000
593.903000
594.181000
594.360000
594.504000
594.722000
594.958000
595.068000
595.307000
595.520000
595.772000
595.967000
596.124000
596.340000
596.468000
596.645000
596.957000
597.181000
597.320000
597.488000
597.723000
597.984000
598.023000
598.386000
598.542000
598.577000
598.885000
599.126000
599.405000
599.507000
599.779000
600.019000
600.149000
600.326000
600.650000
600.736000
601.006000
601.133000
601.365000
601.450000
601.733000
601.949000
602.083000
602.417000
602.564000
602.850000
602.870000
603.043000
603.271000
603.573000
603.750000
603.968000
604.158000
604.374000
604.617000
604.812000
605.013000
605.130000
605.379000
605.579000
605.758000
605.989000
606.157000
606.391000
606.578000
606.760000
606.976000
607.108000
607.389000
607.508000
607.658000
607.940000
608.080000
608.302000
608.536000
608.758000
608.876000
609.116000
609.306000
609.596000
609.792000
609.875000
610.143000
610.292000
610.574000
610.689000
610.896000
611.051000
611.289000
611.490000
611.692000
611.926000
612.153000
612.336000
612.565000
612.733000
612.937000
613.170000
613.350000
613.559000
613.711000
613.941000
614.051000
614.309000
614.476000
614.653000
614.945000
615.099000
615.288000
615.500000
615.689000
615.840000
616.117000
616.297000
616.488000
616.693000
616.909000
617.116000
617.267000
617.538000
617.685000
617.932000
618.159000
618.365000
618.498000
618.638000
618.880000
619.127000
619.310000
619.483000
619.695000
619.882000
620.120000
620.412000
620.579000
620.714000
620.916000
621.129000
621.312000
621.485000
621.723000
621.905000
622.077000
622.338000
622.542000
622.732000
622.876000
623.099000
623.281000
623.413000
623.694000
623.971000
624.102000
624.326000
624.452000
624.690000
624.931000
625.181000
625.377000
625.439000
625.635000
625.919000
626.203000
626.368000
626.539000
626.686000
626.916000
627.148000
627.342000
627.474000
627.724000
627.935000
628.123000
628.270000
628.523000
628.703000
628.850000
629.114000
629.305000
629.431000
629.721000
629.926000
630.141000
630.287000
630.533000
630.688000
630.922000
631.147000
631.285000
631.408000
631.611000
631.949000
632.185000
632.292000
632.499000
632.740000
632.919000
633.083000
633.349000
633.547000
633.603000
633.830000
634.130000
634.364000
634.532000
634.647000
634.802000
635.135000
635.327000
635.550000
635.668000
635.931000
636.089000
636.341000
636.582000
636.775000
636.957000
637.091000
637.257000
637.542000
637.694000
637.955000
638.145000
638.296000
638.519000
638.744000
638.845000
639.189000
639.421000
639.557000
639.695000
639.963000
640.117000
640.257000
640.420000
640.685000
640.914000
641.090000
641.337000
641.546000
641.735000
641.964000
642.144000
642.342000
642.488000
642.707000
642.882000
643.106000
643.303000
643.488000
643.723000
643.910000
644.178000
644.347000
644.591000
644.725000
644.953000
645.129000
645.278000
645.462000
645.830000
645.869000
646.114000
646.327000
646.534000
646.585000
646.860000
647.203000
647.316000
647.481000
647.604000
647.948000
648.115000
648.295000
648.512000
648.730000
648.864000
649.064000
649.272000
649.530000
649.691000
649.915000
649.968000
650.182000
650.508000
650.740000
650.918000
651.076000
651.302000
651.531000
651.661000
651.918000
652.189000
652.300000
652.434000
652.687000
652.866000
653.124000
653.279000
653.455000
653.624000
653.881000
654.073000
654.333000
654.552000
654.679000
654.874000
654.984000
655.283000
655.536000
655.698000
655.792000
656.108000
656.268000
656.492000
656.675000
656.881000
657.082000
657.287000
657.462000
657.755000
657.921000
658.041000
658.218000
658.460000
658.668000
658.907000
659.082000
659.205000
659.508000
659.620000
659.902000
660.125000
660.276000
660.375000
660.666000
660.890000
661.121000
661.333000
661.493000
661.747000
661.935000
662.080000
662.305000
662.527000
662.728000
662.946000
663.014000
663.324000
663.513000
663.633000
663.808000
664.070000
664.341000
664.460000
664.681000
664.909000
665.181000
665.349000
665.356000
665.651000
665.917000
666.097000
666.306000
666.479000
666.651000
666.816000
667.100000
667.282000
667.532000
667.719000
667.945000
668.099000
668.297000
668.593000
668.670000
668.894000
669.134000
669.206000
669.495000
669.732000
669.909000
670.102000
670.261000
670.412000
670.718000
671.005000
671.163000
671.330000
671.424000
671.749000
671.942000
672.069000
672.315000
672.494000
672.712000
672.884000
673.176000
673.347000
673.501000
673.706000
673.972000
674.093000
674.294000
674.482000
674.752000
674.951000
675.183000
675.307000
675.500000
675.776000
675.907000
676.125000
676.307000
676.514000
676.638000
676.810000
677.003000
677.263000
677.479000
677.727000
677.941000
678.126000
678.329000
678.489000
678.712000
678.894000
679.198000
679.273000
679.577000
679.784000
679.934000
680.126000
680.327000
680.570000
680.772000
680.976000
681.103000
681.318000
681.486000
681.794000
681.958000
682.117000
682.353000
682.547000
682.712000
682.963000
683.097000
683.349000
683.587000
683.737000
683.848000
684.136000
684.342000
684.532000
684.788000
684.967000
685.080000
685.286000
685.570000
685.655000
685.959000
686.156000
686.353000
686.565000
686.687000
686.918000
687.094000
687.383000
687.545000
687.751000
687.919000
688.035000
688.328000
688.511000
688.716000
688.950000
689.184000
689.310000
689.563000
689.744000
689.986000
690.108000
690.388000
690.484000
690.683000
690.923000
691.148000
691.456000
691.605000
691.677000
691.986000
692.150000
692.357000
692.471000
692.731000
692.903000
693.140000
693.351000
693.502000
693.688000
693.841000
694.139000
694.307000
694.461000
694.682000
694.918000
695.101000
695.368000
695.638000
695.720000
695.951000
696.182000
696.363000
696.494000
696.750000
696.896000
697.083000
697.251000
697.557000
697.802000
697.891000
698.128000
698.324000
698.526000
698.749000
698.961000
699.063000
699.372000
699.619000
699.785000
699.875000
700.044000
700.327000
700.583000
700.756000
700.996000
701.167000
701.362000
701.515000
701.671000
701.905000
702.120000
702.304000
702.433000
702.776000
702.905000
703.146000
703.286000
703.538000
703.795000
703.894000
704.101000
704.344000
704.504000
704.782000
704.830000
705.108000
705.347000
705.584000
705.602000
705.923000
706.095000
706.389000
706.542000
706.751000
706.891000
707.086000
707.301000
707.511000
707.757000
707.939000
708.116000
708.235000
708.602000
708.761000
708.974000
709.216000
709.314000
709.583000
709.750000
709.977000
710.127000
710.433000
710.490000
710.711000
710.949000
711.193000
711.415000
711.566000
711.723000
711.987000
712.093000
712.380000
712.594000
712.710000
712.908000
713.117000
713.342000
713.543000
713.618000
713.805000
714.174000
714.435000
714.660000
714.828000
714.784000
715.114000
715.314000
715.543000
715.721000
715.983000
716.123000
716.354000
716.570000
716.801000
716.908000
717.141000
717.290000
717.539000
717.714000
717.977000
718.168000
718.456000
718.562000
718.744000
718.985000
719.153000
719.253000
719.589000
719.719000
719.923000
720.115000
720.356000
720.531000
720.643000
720.928000
721.102000
721.376000
721.544000
721.654000
721.943000
722.095000
722.283000
722.613000
722.716000
722.954000
723.206000
723.331000
723.520000
723.730000
724.001000
724.166000
724.330000
724.622000
724.779000
724.959000
725.159000
725.325000
725.489000
725.861000
725.941000
726.160000
726.248000
726.513000
726.719000
727.070000
727.171000
727.395000
727.573000
727.721000
728.000000
728.145000
728.327000
728.525000
728.689000
728.944000
729.238000
729.432000
729.558000
729.751000
729.937000
730.155000
730.345000
730.588000
730.782000
730.956000
731.071000
731.340000
731.544000
731.699000
731.994000
732.161000
732.322000
732.580000
732.787000
732.966000
733.170000
733.367000
733.553000
733.761000
733.976000
734.159000
734.346000
734.580000
734.788000
734.975000
735.065000
735.290000
735.464000
735.748000
735.896000
736.168000
736.342000
736.466000
736.824000
736.993000
737.163000
737.364000
737.533000
737.758000
738.004000
738.182000
738.332000
738.523000
738.747000
738.970000
739.237000
739.319000
739.564000
739.688000
739.922000
740.221000
740.364000
740.567000
740.789000
740.859000
741.161000
741.340000
741.436000
741.768000
741.838000
742.114000
742.325000
742.551000
742.770000
742.974000
743.125000
743.320000
743.517000
743.729000
743.912000
744.184000
744.323000
744.458000
744.779000
744.963000
745.126000
745.314000
745.422000
745.675000
746.011000
746.208000
746.391000
746.514000
746.686000
746.796000
747.117000
747.372000
747.488000
747.746000
747.913000
748.141000
748.265000
748.591000
748.657000
748.904000
749.155000
749.357000
749.523000
749.748000
749.846000
750.128000
750.403000
750.521000
750.679000
750.895000
751.134000
751.305000
751.579000
751.746000
751.873000
752.070000
752.247000
752.531000
752.728000
752.894000
753.150000
753.281000
753.622000
753.723000
753.945000
754.132000
754.324000
754.514000
754.623000
755.072000
755.217000
755.348000
755.532000
755.696000
755.946000
756.131000
756.387000
756.501000
756.725000
756.925000
757.076000
757.367000
757.554000
757.805000
757.946000
758.110000
758.312000
758.539000
758.678000
758.750000
759.133000
759.316000
759.570000
759.795000
759.914000
760.080000
760.333000
760.487000
760.748000
760.902000
761.146000
761.346000
761.529000
761.620000
761.894000
762.168000
762.268000
762.490000
762.682000
762.849000
763.156000
763.327000
763.556000
763.762000
763.893000
764.099000
764.310000
764.474000
764.688000
764.782000
765.030000
765.292000
765.522000
765.728000
765.979000
766.069000
766.328000
766.480000
766.718000
766.956000
767.142000
767.360000
767.493000
767.613000
767.875000
768.151000
768.257000
768.495000
768.694000
768.905000
769.083000
769.300000
769.559000
769.800000
769.929000
770.128000
770.286000
770.402000
770.652000
770.910000
771.140000
771.241000
771.457000
771.630000
771.891000
772.059000
772.369000
772.525000
772.721000
772.894000
773.075000
773.260000
773.502000
773.756000
773.863000
774.164000
774.226000
774.482000
774.672000
774.881000
775.252000
775.457000
775.553000
775.672000
775.839000
776.025000
776.290000
776.537000
776.691000
776.895000
777.175000
777.314000
777.510000
777.728000
777.857000
778.087000
778.305000
778.466000
778.750000
778.925000
779.044000
779.380000
779.537000
779.620000
779.894000
780.021000
780.354000
780.508000
780.709000
780.943000
781.062000
781.279000
781.501000
781.682000
781.888000
782.021000
782.369000
782.503000
782.722000
782.974000
783.139000
783.314000
783.652000
783.700000
783.825000
784.126000
784.419000
784.519000
784.713000
784.936000
785.087000
785.334000
785.472000
785.726000
785.883000
786.070000
786.339000
786.510000
786.746000
786.914000
787.129000
787.257000
787.497000
787.755000
787.865000
788.045000
788.317000
788.387000
788.707000
788.903000
789.117000
789.254000
789.535000
789.710000
789.896000
790.107000
790.280000
790.483000
790.760000
790.935000
791.127000
791.249000
791.514000
791.802000
791.938000
792.144000
792.260000
792.451000
792.719000
792.840000
793.072000
793.301000
793.446000
793.696000
793.851000
794.102000
794.293000
794.518000
794.680000
794.884000
795.141000
795.361000
795.410000
795.654000
795.902000
796.198000
796.365000
796.549000
796.742000
796.942000
797.168000
797.315000
797.559000
797.729000
797.871000
798.169000
798.294000
798.461000
798.649000
798.840000
799.100000
799.363000
799.580000
799.645000
799.889000
800.164000
800.350000
800.518000
800.673000
800.898000
801.111000
801.379000
801.524000
801.768000
801.827000
802.080000
802.342000
802.506000
802.797000
802.900000
803.107000
803.266000
803.519000
803.781000
803.991000
804.101000
804.268000
804.464000
804.664000
804.971000
805.055000
805.272000
805.488000
805.743000
805.957000
806.106000
806.373000
806.554000
806.695000
806.934000
807.137000
807.378000
807.392000
807.732000
807.994000
808.137000
808.261000
808.460000
808.750000
808.921000
809.183000
809.286000
809.529000
809.672000
809.894000
810.048000
810.286000
810.573000
810.707000
810.908000
811.139000
811.347000
811.497000
811.714000
811.958000
812.084000
812.358000
812.594000
812.809000
812.901000
813.085000
813.348000
813.547000
813.738000
813.863000
814.114000
814.320000
814.482000
814.755000
814.981000
815.056000
815.314000
815.471000
815.746000
815.997000
816.140000
816.277000
816.555000
816.670000
816.914000
817.128000
817.308000
817.561000
817.799000
817.918000
818.078000
818.290000
818.516000
818.808000
819.013000
819.103000
819.254000
819.545000
819.741000
819.884000
820.101000
820.277000
820.543000
820.754000
820.957000
821.203000
821.317000
821.504000
821.747000
821.940000
822.182000
822.339000
822.519000
822.761000
822.925000
823.068000
823.347000
823.490000
823.797000
823.925000
824.173000
824.225000
824.510000
824.787000
824.971000
825.216000
825.258000
825.529000
825.712000
825.874000
826.250000
826.272000
826.408000
826.692000
827.015000
827.153000
827.301000
827.554000
827.757000
827.887000
828.089000
828.321000
828.576000
828.731000
828.918000
829.122000
829.290000
829.539000
829.691000
829.964000
830.159000
830.277000
830.556000
830.774000
830.970000
831.160000
831.310000
831.545000
831.720000
832.019000
832.168000
832.301000
832.541000
832.733000
832.946000
833.144000
833.302000
833.494000
833.662000
833.987000
834.178000
834.296000
834.481000
834.574000
834.852000
835.074000
835.393000
835.560000
835.710000
835.878000
836.068000
836.291000
836.627000
836.738000
836.901000
837.120000
837.330000
837.538000
837.645000
837.874000
838.111000
838.378000
838.517000
838.663000
838.837000
839.181000
839.317000
839.498000
839.733000
839.950000
840.148000
840.401000
840.611000
840.691000
840.985000
841.167000
841.340000
841.550000
841.684000
841.927000
842.095000
842.276000
842.559000
842.775000
842.948000
843.117000
843.323000
843.490000
843.746000
843.935000
844.182000
844.333000
844.487000
844.695000
844.915000
845.160000
845.385000
845.492000
845.741000
845.943000
846.148000
846.300000
846.587000
846.678000
846.903000
847.139000
847.420000
847.622000
847.731000
847.915000
848.071000
848.372000
848.614000
848.754000
848.969000
849.126000
849.376000
849.565000
849.781000
849.939000
850.224000
850.316000
850.528000
850.756000
850.925000
851.133000
851.362000
851.609000
851.750000
851.949000
852.222000
852.381000
852.519000
852.762000
852.921000
853.201000
853.346000
853.508000
853.729000
853.918000
854.184000
854.401000
854.420000
854.713000
854.959000
855.260000
855.384000
855.623000
855.720000
855.937000
856.083000
856.292000
856.530000
856.800000
856.937000
857.172000
857.347000
857.543000
857.676000
857.995000
858.156000
858.344000
858.556000
858.731000
858.906000
859.173000
859.341000
859.423000
859.736000
859.938000
860.169000
860.213000
860.547000
860.763000
860.831000
861.159000
861.355000
861.583000
861.780000
861.944000
862.189000
862.401000
862.558000
862.718000
862.843000
863.074000
863.304000
863.558000
863.733000
863.858000
864.112000
864.403000
864.581000
864.809000
864.885000
865.146000
865.307000
865.601000
865.809000
865.949000
866.075000
866.282000
866.594000
866.787000
866.897000
867.101000
867.370000
867.649000
867.803000
867.896000
868.089000
868.300000
868.584000
868.814000
869.014000
869.086000
869.336000
869.526000
869.739000
869.940000
870.147000
870.364000
870.560000
870.791000
870.951000
871.141000
871.375000
871.535000
871.757000
871.967000
872.129000
872.343000
872.540000
872.751000
873.007000
873.147000
873.390000
873.562000
873.766000
873.945000
874.103000
874.369000
874.449000
874.807000
875.024000
875.182000
875.343000
875.410000
875.771000
876.030000
876.186000
876.369000
876.571000
876.671000
876.881000
877.101000
877.400000
877.595000
877.740000
877.987000
878.160000
878.363000
878.527000
878.777000
878.897000
879.143000
879.391000
879.571000
879.658000
879.928000
880.169000
880.285000
880.528000
880.702000
880.864000
881.092000
881.368000
881.564000
881.858000
882.002000
882.090000
882.395000
882.499000
882.793000
882.949000
883.105000
883.346000
883.545000
883.703000
883.936000
884.137000
884.300000
884.519000
884.746000
884.905000
885.061000
885.372000
885.584000
885.758000
885.977000
886.189000
886.316000
886.518000
886.683000
886.900000
887.095000
887.263000
887.560000
887.678000
887.882000
888.037000
888.349000
888.513000
888.754000
888.962000
889.121000
889.271000
889.453000
889.719000
889.935000
890.250000
890.388000
890.503000
890.716000
890.894000
891.090000
891.254000
891.447000
891.724000
891.919000
892.029000
892.361000
892.548000
892.752000
892.854000
893.130000
893.386000
893.483000
893.724000
893.978000
894.110000
894.290000
894.575000
894.696000
894.928000
895.111000
895.247000
895.522000
895.691000
895.910000
896.072000
896.269000
896.525000
896.674000
897.037000
897.225000
897.331000
897.538000
897.706000
897.869000
898.132000
898.308000
898.527000
898.684000
898.915000
899.060000
899.391000
899.474000
899.657000
899.851000
900.180000
900.300000
900.484000
900.685000
900.957000
901.138000
901.340000
901.476000
901.760000
901.972000
902.160000
902.232000
902.483000
902.714000
902.922000
903.169000
903.291000
903.512000
903.730000
903.873000
904.075000
904.337000
904.481000
904.823000
904.931000
905.215000
905.309000
905.527000
905.641000
905.944000
906.154000
906.261000
906.427000
906.702000
906.884000
907.172000
907.285000
907.477000
907.687000
907.915000
908.117000
908.285000
908.539000
908.702000
908.898000
909.059000
909.261000
909.524000
909.746000
909.830000
910.101000
910.388000
910.505000
910.694000
910.983000
911.200000
911.347000
911.467000
911.772000
911.850000
912.067000
912.316000
912.547000
912.712000
912.879000
913.111000
913.330000
913.482000
913.739000
913.842000
914.093000
914.286000
914.539000
914.756000
914.876000
915.073000
915.304000
915.450000
915.750000
915.948000
916.174000
916.323000
916.492000
916.702000
916.931000
917.157000
917.385000
917.544000
917.642000
917.916000
918.118000
918.352000
918.586000
918.663000
918.858000
919.077000
919.182000
919.561000
919.745000
919.831000
920.106000
920.340000
920.536000
920.733000
920.851000
921.092000
921.233000
921.471000
921.774000
921.990000
922.105000
922.391000
922.512000
922.681000
922.911000
923.175000
923.379000
923.482000
923.710000
923.928000
924.067000
924.313000
924.477000
924.615000
924.879000
925.127000
925.361000
925.555000
925.664000
925.883000
926.058000
926.287000
926.601000
926.683000
926.980000
927.141000
927.276000
927.533000
927.706000
927.965000
928.082000
928.201000
928.526000
928.720000
928.869000
929.043000
929.392000
929.502000
929.709000
929.795000
930.154000
930.376000
930.459000
930.686000
930.755000
931.125000
931.346000
931.565000
931.678000
931.861000
932.003000
932.274000
932.518000
932.757000
932.850000
933.017000
933.342000
933.540000
933.718000
933.857000
934.113000
934.241000
934.546000
934.729000
934.900000
935.114000
935.246000
935.550000
935.753000
935.905000
936.125000
936.302000
936.544000
936.678000
936.900000
937.077000
937.281000
937.488000
937.694000
937.951000
938.123000
938.247000
938.431000
938.662000
938.948000
939.082000
939.378000
939.519000
939.607000
939.848000
940.132000
940.280000
940.523000
940.673000
940.867000
941.089000
941.264000
941.552000
941.695000
941.785000
942.101000
942.227000
942.517000
942.663000
942.897000
942.966000
943.352000
943.512000
943.738000
943.920000
944.059000
944.302000
944.460000
944.616000
944.896000
945.113000
945.236000
945.486000
945.697000
945.973000
946.163000
946.314000
946.417000
946.728000
946.918000
947.153000
947.216000
947.423000
947.519000
947.908000
948.169000
948.312000
948.393000
948.620000
948.855000
949.123000
949.260000
949.386000
949.674000
949.861000
950.125000
950.234000
950.528000
950.736000
950.941000
951.056000
951.259000
951.462000
951.710000
951.880000
952.138000
952.278000
952.559000
952.627000
952.972000
953.092000
953.328000
953.593000
953.709000
953.935000
954.100000
954.286000
954.413000
954.695000
954.968000
955.159000
955.349000
955.485000
955.647000
955.899000
956.036000
956.215000
956.475000
956.717000
956.927000
957.137000
957.341000
957.533000
957.685000
957.919000
958.184000
958.296000
958.551000
958.723000
958.906000
959.023000
959.256000
959.513000
959.665000
959.851000
960.062000
960.323000
960.556000
960.676000
960.855000
961.087000
961.220000
961.449000
961.727000
962.011000
962.162000
962.327000
962.517000
962.718000
962.919000
963.184000
963.405000
963.500000
963.668000
963.934000
964.086000
964.384000
964.587000
964.752000
964.891000
965.071000
965.302000
965.541000
965.722000
965.852000
966.146000
966.352000
966.500000
966.692000
966.956000
967.103000
967.256000
967.448000
967.725000
967.948000
968.046000
968.270000
968.439000
968.655000
968.939000
969.152000
969.311000
969.589000
969.711000
969.889000
970.172000
970.351000
970.553000
970.666000
970.917000
971.117000
971.358000
971.462000
971.684000
971.952000
972.087000
972.364000
972.511000
972.739000
972.867000
973.109000
973.299000
973.567000
973.729000
973.886000
974.064000
974.327000
974.500000
974.731000
974.971000
975.109000
975.359000
975.582000
975.681000
975.955000
976.163000
976.340000
976.589000
976.752000
976.962000
977.104000
977.210000
977.526000
977.781000
978.031000
978.115000
978.360000
978.540000
978.763000
978.934000
979.133000
979.222000
979.506000
979.717000
979.966000
980.124000
980.344000
980.476000
980.662000
980.884000
981.184000
981.336000
981.513000
981.733000
981.931000
982.137000
982.386000
982.513000
982.729000
982.917000
983.100000
983.399000
983.563000
983.801000
983.855000
984.124000
984.368000
984.573000
984.731000
984.844000
985.153000
985.410000
985.492000
985.768000
985.961000
986.202000
986.374000
986.529000
986.721000
986.919000
987.051000
987.370000
987.555000
987.685000
987.919000
988.128000
988.335000
988.567000
988.768000
988.961000
989.118000
989.319000
989.591000
989.763000
989.862000
990.116000
990.355000
990.504000
990.833000
990.954000
991.023000
991.319000
991.590000
991.769000
991.953000
992.162000
992.261000
992.465000
992.767000
993.037000
993.194000
993.337000
993.486000
993.734000
993.954000
994.226000
994.384000
994.462000
994.685000
995.022000
995.111000
995.311000
995.495000
995.734000
995.997000
996.180000
996.393000
996.492000
996.699000
996.946000
997.183000
997.420000
997.567000
997.691000
997.926000
998.105000
998.342000
998.603000
998.763000
998.870000
999.179000
999.412000
999.505000
999.729000
1000.000000
1000.080000
1000.370000
1000.620000
1000.690000
1000.950000
1001.180000
1001.310000
1001.540000
1001.830000
1001.930000
1002.150000
1002.360000
1002.560000
1002.670000
1002.950000
1003.230000
1003.370000
1003.540000
1003.810000
1003.970000
1004.120000
1004.360000
1004.500000
1004.660000
1004.850000
1005.220000
1005.390000
1005.510000
1005.710000
1005.890000
1006.110000
1006.360000
1006.550000
1006.670000
1006.880000
1007.180000
1007.390000
1007.550000
1007.750000
1008.000000
1008.120000
1008.350000
1008.520000
1008.760000
1008.950000
1009.160000
1009.380000
1009.560000
1009.780000
1009.870000
1010.050000
1010.300000
1010.550000
1010.820000
1010.940000
1011.110000
1011.360000
1011.480000
1011.730000
1011.990000
1012.150000
1012.390000
1012.560000
1012.750000
1012.990000
1013.250000
1013.350000
1013.560000
1013.770000
1013.930000
1014.160000
1014.370000
1014.540000
1014.780000
1014.900000
1015.170000
1015.360000
1015.590000
1015.690000
1015.910000
1016.210000
1016.350000
1016.600000
1016.770000
1016.910000
1017.120000
1017.430000
1017.490000
1017.800000
1017.970000
1018.150000
1018.340000
1018.560000
1018.790000
1018.910000
1019.090000
1019.300000
1019.550000
1019.790000
1019.980000
1020.160000
1020.440000
1020.630000
1020.800000
1020.960000
1021.160000
1021.250000
1021.590000
1021.690000
1022.050000
1022.210000
1022.390000
1022.430000
1022.670000
1022.950000
1023.140000
1023.350000
1023.570000
1023.660000
1024.000000
1024.170000
1024.380000
1024.500000
1024.770000
1024.960000
1025.170000
1025.370000
1025.540000
1025.720000
1025.940000
1026.200000
1026.370000
1026.500000
1026.740000
1026.940000
1027.120000
1027.370000
1027.500000
1027.750000
1027.860000
1028.180000
1028.380000
1028.650000
1028.690000
1028.920000
1029.050000
1029.390000
1029.540000
1029.770000
1029.880000
1030.100000
1030.390000
1030.540000
1030.790000
1030.980000
1031.150000
1031.380000
1031.520000
1031.770000
1031.980000
1032.110000
1032.330000
1032.570000
1032.690000
1032.970000
1033.130000
1033.260000
1033.490000
1033.750000
1033.910000
1034.140000
1034.290000
1034.460000
1034.690000
1034.930000
1035.090000
1035.250000
1035.580000
1035.660000
1035.910000
1036.100000
1036.350000
1036.540000
1036.720000
1036.890000
1037.150000
1037.360000
1037.570000
1037.740000
1037.910000
1038.130000
1038.320000
1038.550000
1038.740000
1039.000000
1039.170000
1039.320000
1039.540000
1039.760000
1039.880000
1040.160000
1040.430000
1040.420000
1040.730000
1040.960000
1041.110000
1041.340000
1041.530000
1041.740000
1041.850000
1042.110000
1042.280000
1042.540000
1042.700000
1042.960000
1043.100000
1043.250000
1043.530000
1043.740000
1043.950000
1044.120000
1044.370000
1044.530000
1044.700000
1044.900000
1045.020000
1045.260000
1045.570000
1045.710000
1045.940000
1046.140000
1046.170000
1046.470000
1046.750000
1046.890000
1047.170000
1047.360000
1047.570000
1047.670000
1047.830000
