582.873000
583.107000
583.252000
583.375000
583.626000
583.810000
584.037000
584.333000
584.501000
584.673000
584.841000
585.122000
585.294000
585.538000
585.686000
585.921000
586.112000
586.224000
586.458000
586.782000
586.941000
587.027000
587.181000
587.454000
587.674000
587.878000
588.108000
588.261000
588.502000
588.684000
588.915000
589.068000
589.291000
589.495000
589.707000
589.965000
590.221000
590.260000
590.435000
590.696000
590.924000
591.130000
591.369000
591.500000
591.666000
591.862000
592.074000
592.329000
592.450000
592.605000
592.883000
593.061000
593.357000
593.467000
593.663000
593.883000
594.120000
594.267000
594.529000
594.662000
594.851000
595.058000
595.251000
595.442000
595.682000
595.824000
596.120000
596.391000
596.518000
596.748000
596.929000
597.062000
597.351000
597.482000
597.732000
597.924000
598.100000
598.335000
598.488000
598.727000
598.974000
599.125000
599.283000
599.551000
599.666000
599.941000
600.198000
600.380000
600.534000
600.770000
600.912000
601.159000
601.361000
601.488000
601.719000
601.903000
602.167000
602.334000
602.491000
602.758000
602.933000
603.093000
603.339000
603.518000
603.683000
603.895000
604.137000
604.372000
604.510000
604.762000
604.910000
605.114000
605.409000
605.569000
605.721000
605.953000
606.089000
606.271000
606.559000
606.707000
607.018000
607.161000
607.326000
607.544000
607.717000
607.932000
608.100000
608.271000
608.495000
608.764000
608.897000
609.167000
609.350000
609.506000
609.687000
609.894000
610.187000
610.276000
610.542000
610.669000
610.894000
611.168000
611.325000
611.497000
611.670000
611.885000
612.153000
612.336000
612.547000
612.768000
612.953000
613.086000
613.310000
613.603000
613.746000
613.929000
614.160000
614.368000
614.529000
614.709000
614.868000
615.091000
615.433000
615.689000
615.741000
615.907000
616.110000
616.410000
616.642000
616.769000
616.910000
617.098000
617.423000
617.568000
617.783000
617.915000
618.149000
618.346000
618.565000
618.697000
618.913000
619.203000
619.386000
619.577000
619.763000
619.933000
620.133000
620.307000
620.602000
620.818000
620.991000
621.210000
621.320000
621.528000
621.723000
621.994000
622.189000
622.378000
622.458000
622.759000
622.999000
623.176000
623.356000
623.563000
623.897000
624.017000
624.134000
624.302000
624.504000
624.720000
624.963000
625.166000
625.271000
625.605000
625.765000
625.944000
626.144000
626.431000
626.582000
626.736000
627.004000
627.104000
627.285000
627.508000
627.768000
627.901000
628.178000
628.357000
628.526000
628.729000
628.878000
629.206000
629.399000
629.584000
629.715000
629.947000
630.241000
630.420000
630.523000
630.704000
630.941000
631.127000
631.287000
631.497000
631.700000
631.984000
632.189000
632.377000
632.490000
632.758000
632.963000
633.180000
633.344000
633.515000
633.698000
633.928000
634.220000
634.375000
634.438000
634.757000
634.939000
635.137000
635.301000
635.529000
635.793000
635.928000
636.141000
636.300000
636.524000
636.773000
636.954000
637.145000
637.333000
637.566000
637.776000
637.972000
638.197000
638.324000
638.544000
638.752000
639.001000
639.087000
639.428000
639.572000
639.743000
640.047000
640.149000
640.323000
640.606000
640.765000
641.034000
641.190000
641.403000
641.588000
641.729000
642.021000
642.260000
642.327000
642.551000
642.721000
642.914000
643.167000
643.418000
643.569000
643.741000
643.955000
644.195000
644.363000
644.664000
644.747000
644.914000
645.179000
645.406000
645.592000
645.729000
645.941000
646.137000
646.275000
646.515000
646.724000
646.927000
647.216000
647.332000
647.524000
647.734000
647.945000
648.159000
648.335000
648.508000
648.812000
648.952000
649.098000
649.349000
649.523000
649.720000
649.950000
650.120000
650.346000
650.557000
650.725000
650.910000
651.071000
651.341000
651.590000
651.745000
651.914000
652.104000
652.264000
652.498000
652.676000
652.931000
653.161000
653.339000
653.540000
653.717000
653.955000
654.193000
654.364000
654.444000
654.642000
654.925000
655.200000
655.376000
655.537000
655.753000
655.907000
656.139000
656.342000
656.566000
656.879000
656.960000
657.065000
657.378000
657.500000
657.800000
657.992000
658.178000
658.346000
658.599000
658.699000
658.897000
659.216000
659.346000
659.514000
659.705000
659.924000
660.145000
660.347000
660.497000
660.685000
660.905000
661.221000
661.481000
661.576000
661.704000
661.912000
662.149000
662.343000
662.507000
662.716000
662.907000
663.131000
663.325000
663.535000
663.777000
663.924000
664.105000
664.352000
664.584000
664.698000
664.895000
665.105000
665.344000
665.544000
665.717000
665.929000
666.139000
666.317000
666.511000
666.691000
666.983000
667.184000
667.378000
667.486000
667.743000
667.934000
668.124000
668.361000
668.503000
668.673000
668.919000
669.112000
669.432000
669.556000
669.668000
669.935000
670.194000
670.338000
670.575000
670.717000
670.881000
671.203000
671.331000
671.556000
671.718000
671.865000
672.119000
672.297000
672.576000
672.777000
672.904000
673.145000
673.285000
673.555000
673.648000
673.853000
674.100000
674.344000
674.490000
674.752000
675.122000
675.118000
675.349000
675.502000
675.751000
675.906000
676.139000
676.265000
676.453000
676.699000
676.938000
677.215000
677.323000
677.562000
677.680000
677.943000
678.122000
678.391000
678.459000
678.742000
678.927000
679.228000
679.391000
679.529000
679.759000
679.931000
680.133000
680.417000
680.534000
680.769000
680.878000
681.082000
681.328000
681.508000
681.641000
681.840000
682.176000
682.323000
682.547000
682.676000
682.855000
683.104000
683.394000
683.525000
683.769000
683.927000
684.076000
684.287000
684.501000
684.694000
684.919000
685.094000
685.232000
685.466000
685.751000
685.942000
686.033000
686.199000
686.523000
686.712000
686.970000
687.096000
687.251000
687.431000
687.698000
687.955000
688.139000
688.260000
688.474000
688.677000
688.868000
689.136000
689.342000
689.576000
689.660000
689.862000
690.085000
690.326000
690.541000
690.666000
690.858000
691.087000
691.293000
691.464000
691.630000
691.883000
692.039000
692.223000
692.499000
692.624000
692.855000
693.074000
693.279000
693.518000
693.672000
693.832000
694.040000
694.288000
694.504000
694.644000
694.845000
695.042000
695.266000
695.461000
695.655000
695.864000
696.071000
696.262000
696.499000
696.786000
696.980000
697.106000
697.213000
697.507000
697.642000
697.946000
698.028000
698.271000
698.367000
698.676000
698.864000
699.138000
699.240000
699.548000
699.672000
699.866000
700.018000
700.257000
700.448000
700.648000
700.794000
701.103000
701.271000
701.481000
701.637000
701.807000
702.002000
702.245000
702.483000
702.694000
702.789000
703.069000
703.222000
703.502000
703.652000
703.816000
704.063000
704.196000
704.378000
704.637000
704.908000
705.006000
705.290000
705.417000
705.603000
705.969000
706.041000
706.251000
706.438000
706.710000
706.961000
707.137000
707.303000
707.436000
707.651000
707.974000
708.162000
708.352000
708.491000
708.657000
708.859000
709.078000
709.325000
709.452000
709.657000
709.855000
710.061000
710.212000
710.463000
710.689000
710.958000
711.119000
711.278000
711.430000
711.689000
711.831000
712.106000
712.237000
712.447000
712.608000
712.877000
713.060000
713.253000
713.451000
713.691000
713.885000
714.114000
714.322000
714.483000
714.705000
714.850000
715.116000
715.314000
715.481000
715.730000
715.938000
716.084000
716.259000
716.505000
716.623000
716.842000
717.018000
717.217000
717.446000
717.627000
717.841000
717.982000
718.218000
718.416000
718.587000
718.817000
719.048000
719.273000
719.465000
719.733000
719.878000
720.101000
720.265000
720.500000
720.707000
720.854000
721.073000
721.321000
721.471000
721.652000
721.904000
722.105000
722.288000
722.529000
722.598000
722.881000
723.090000
723.327000
723.535000
723.790000
723.905000
724.095000
724.313000
724.519000
724.735000
724.916000
725.154000
725.314000
725.485000
725.774000
725.966000
726.041000
726.309000
726.523000
726.693000
726.978000
727.109000
727.307000
727.549000
727.714000
727.898000
728.093000
728.238000
728.495000
728.665000
728.884000
729.095000
729.360000
729.482000
729.693000
729.943000
730.138000
730.385000
730.629000
730.723000
730.913000
731.062000
731.351000
731.541000
731.685000
731.908000
732.068000
732.287000
732.491000
732.725000
732.919000
733.051000
733.255000
733.496000
733.725000
733.936000
733.962000
734.324000
734.536000
734.697000
734.857000
735.078000
735.278000
735.504000
735.756000
735.899000
736.166000
736.332000
736.492000
736.680000
736.920000
737.209000
737.303000
737.535000
737.698000
738.015000
738.163000
738.325000
738.486000
738.635000
738.928000
739.163000
739.398000
739.584000
739.655000
739.873000
740.121000
740.392000
740.573000
740.748000
740.874000
741.135000
741.329000
741.518000
741.765000
741.876000
742.055000
742.307000
742.522000
742.765000
742.969000
743.127000
743.274000
743.450000
743.708000
743.937000
744.198000
744.444000
744.540000
744.721000
744.930000
745.140000
745.366000
745.503000
745.690000
745.984000
746.156000
746.388000
746.532000
746.744000
746.869000
747.191000
747.351000
747.545000
747.640000
747.846000
748.192000
748.358000
748.558000
748.692000
748.897000
749.192000
749.394000
749.606000
749.652000
749.857000
750.128000
750.345000
750.564000
750.799000
750.914000
751.122000
751.358000
751.565000
751.777000
751.942000
752.103000
752.313000
752.486000
752.667000
752.889000
753.111000
753.371000
753.558000
753.812000
753.970000
754.161000
754.352000
754.495000
754.670000
754.899000
755.138000
755.336000
755.541000
755.718000
755.958000
756.197000
756.324000
756.514000
756.729000
756.902000
757.124000
757.325000
757.508000
757.723000
757.953000
758.184000
758.390000
758.567000
758.763000
758.915000
759.143000
759.261000
759.559000
759.765000
759.968000
760.109000
760.363000
760.508000
760.757000
760.948000
761.157000
761.269000
761.516000
761.771000
761.958000
762.247000
762.305000
762.408000
762.669000
763.020000
763.225000
763.370000
763.574000
763.738000
763.863000
764.191000
764.367000
764.430000
764.722000
764.944000
765.165000
765.319000
765.556000
765.747000
765.892000
766.147000
766.401000
766.560000
766.744000
766.889000
767.075000
767.351000
767.547000
767.702000
767.909000
768.131000
768.311000
768.545000
768.759000
768.953000
769.077000
769.379000
769.495000
769.752000
769.985000
770.185000
770.280000
770.486000
770.736000
770.941000
771.111000
771.383000
771.488000
771.716000
772.014000
772.159000
772.320000
772.532000
772.749000
772.878000
773.154000
773.348000
773.534000
773.772000
774.001000
774.099000
774.309000
774.513000
774.815000
775.052000
775.209000
775.351000
775.476000
775.720000
776.043000
776.128000
776.274000
776.601000
776.697000
776.982000
777.085000
777.337000
777.629000
777.774000
777.859000
778.124000
778.355000
778.610000
778.754000
778.941000
779.169000
779.361000
779.476000
779.694000
780.001000
780.079000
780.327000
780.502000
780.780000
780.942000
781.252000
781.369000
781.561000
781.721000
781.981000
782.104000
782.328000
782.421000
782.673000
782.840000
783.115000
783.321000
783.502000
783.701000
783.916000
784.120000
784.436000
784.511000
784.669000
784.853000
785.148000
785.294000
785.542000
785.654000
785.964000
786.168000
786.343000
786.570000
786.789000
787.015000
787.173000
787.379000
787.615000
787.769000
787.904000
788.098000
788.263000
788.573000
788.768000
789.089000
789.258000
789.260000
789.465000
789.718000
789.981000
790.138000
790.388000
790.516000
790.673000
790.928000
791.215000
791.372000
791.472000
791.720000
791.910000
792.122000
792.309000
792.540000
792.782000
792.892000
793.097000
793.372000
793.580000
793.753000
793.907000
794.166000
794.359000
794.564000
794.809000
794.976000
795.062000
795.316000
795.610000
795.716000
795.951000
796.123000
796.327000
796.543000
796.742000
796.956000
797.173000
797.303000
797.477000
797.735000
797.969000
798.106000
798.274000
798.510000
798.706000
798.921000
799.138000
799.351000
799.477000
799.711000
799.861000
800.037000
800.352000
800.503000
800.712000
800.934000
801.118000
801.307000
801.494000
801.695000
801.954000
802.175000
802.342000
802.576000
802.788000
802.919000
803.083000
803.293000
803.541000
803.828000
804.029000
804.105000
804.310000
804.629000
804.734000
804.975000
805.127000
805.313000
805.570000
805.760000
805.967000
806.127000
806.418000
806.430000
806.697000
806.925000
807.064000
807.295000
807.586000
807.772000
807.889000
808.131000
808.332000
808.619000
808.645000
808.857000
809.121000
809.352000
809.546000
809.749000
809.970000
810.139000
810.384000
810.512000
810.728000
810.966000
811.140000
811.359000
811.518000
811.714000
811.943000
812.135000
812.344000
812.566000
812.747000
812.939000
813.155000
813.340000
813.586000
813.713000
813.942000
814.200000
814.430000
814.559000
814.717000
814.963000
815.120000
815.322000
815.627000
815.766000
815.879000
816.089000
816.339000
816.464000
816.768000
816.867000
817.075000
817.332000
817.544000
817.671000
817.898000
818.084000
818.446000
818.497000
818.734000
818.912000
819.108000
819.345000
819.612000
819.702000
819.842000
820.025000
820.360000
820.547000
820.736000
820.869000
821.057000
821.307000
821.499000
821.640000
821.884000
822.154000
822.282000
822.442000
822.660000
822.860000
823.134000
823.204000
823.419000
823.646000
823.923000
824.007000
824.297000
824.463000
824.699000
824.906000
825.091000
825.279000
825.481000
825.637000
825.844000
826.033000
826.257000
826.500000
826.743000
826.939000
827.145000
827.251000
827.385000
827.653000
827.849000
828.067000
828.398000
828.469000
828.705000
828.904000
829.075000
829.281000
829.409000
829.632000
829.854000
830.028000
830.256000
830.425000
830.662000
830.942000
831.113000
831.265000
831.491000
831.705000
831.876000
832.186000
832.306000
832.491000
832.688000
832.927000
833.045000
833.371000
833.514000
833.615000
833.862000
834.054000
834.242000
834.538000
834.654000
834.862000
835.025000
835.319000
835.563000
835.635000
835.864000
836.101000
836.339000
836.589000
836.694000
836.873000
837.046000
837.289000
837.487000
837.703000
837.872000
838.077000
838.240000
838.483000
838.710000
838.947000
839.098000
839.250000
839.539000
839.655000
839.896000
840.109000
840.301000
840.442000
840.693000
840.926000
841.149000
841.287000
841.459000
841.621000
841.832000
842.106000
842.286000
842.546000
842.639000
842.811000
843.051000
843.388000
843.591000
843.673000
843.943000
844.031000
844.297000
844.574000
844.705000
844.877000
845.121000
845.281000
845.473000
845.717000
845.919000
846.038000
846.295000
846.519000
846.728000
846.862000
847.085000
847.282000
847.523000
847.743000
847.980000
848.072000
848.283000
848.529000
848.754000
848.911000
849.113000
849.339000
849.549000
849.659000
849.952000
850.082000
850.325000
850.460000
850.679000
850.905000
851.135000
851.333000
851.510000
851.719000
851.896000
852.073000
852.302000
852.419000
852.716000
852.862000
853.043000
853.287000
853.546000
853.808000
853.974000
854.132000
854.279000
854.510000
854.774000
854.910000
855.036000
855.306000
855.456000
855.686000
855.860000
856.095000
856.381000
856.533000
856.668000
856.927000
857.166000
857.253000
857.502000
857.683000
857.875000
858.057000
858.314000
858.552000
858.777000
858.987000
859.089000
859.233000
859.593000
859.729000
859.933000
860.033000
860.310000
860.519000
860.705000
860.887000
861.173000
861.358000
861.477000
861.675000
861.909000
862.225000
862.358000
862.501000
862.729000
862.940000
863.105000
863.301000
863.478000
863.664000
863.841000
864.073000
864.291000
864.606000
864.712000
864.933000
865.103000
865.279000
865.451000
865.685000
866.013000
866.051000
866.208000
866.417000
866.626000
866.928000
867.139000
867.332000
867.456000
867.687000
867.900000
868.128000
868.283000
868.466000
868.706000
868.930000
869.096000
869.334000
869.454000
869.588000
869.878000
870.129000
870.377000
870.503000
870.640000
870.765000
871.042000
871.315000
871.460000
871.693000
871.849000
872.046000
872.268000
872.485000
872.672000
872.908000
873.070000
873.259000
873.477000
873.656000
873.874000
874.143000
874.342000
874.515000
874.720000
874.897000
875.153000
875.333000
875.583000
875.708000
875.830000
876.119000
876.281000
876.478000
876.716000
876.868000
877.044000
877.322000
877.543000
877.751000
877.937000
878.000000
878.269000
878.542000
878.832000
878.951000
879.129000
879.356000
879.492000
879.689000
879.935000
880.125000
880.297000
880.493000
880.744000
880.961000
881.181000
881.417000
881.559000
881.775000
881.867000
882.097000
882.304000
882.542000
882.789000
882.940000
883.179000
883.350000
883.542000
883.789000
883.920000
884.170000
884.303000
884.499000
884.740000
884.989000
885.087000
885.335000
885.450000
885.649000
885.946000
886.107000
886.323000
886.520000
886.759000
886.959000
887.249000
887.492000
887.556000
887.728000
887.892000
888.123000
888.349000
888.521000
888.784000
888.900000
889.183000
889.301000
889.529000
889.755000
889.970000
890.175000
890.365000
890.540000
890.732000
890.984000
891.099000
891.390000
891.597000
891.801000
892.007000
892.123000
892.316000
892.545000
892.781000
892.989000
893.165000
893.280000
893.500000
893.702000
894.013000
894.234000
894.303000
894.484000
894.767000
894.985000
895.266000
895.387000
895.615000
895.649000
895.889000
896.120000
896.312000
896.536000
896.668000
896.902000
897.206000
897.349000
897.529000
897.740000
897.915000
898.125000
898.305000
898.527000
898.702000
898.896000
899.118000
899.402000
899.543000
899.722000
899.947000
900.124000
900.351000
900.661000
900.742000
900.876000
901.222000
901.324000
901.562000
901.749000
901.924000
902.097000
902.339000
902.582000
902.845000
902.934000
903.073000
903.329000
903.568000
903.757000
903.975000
904.150000
904.323000
904.500000
904.747000
904.978000
905.164000
905.277000
905.597000
905.760000
905.961000
906.128000
906.311000
906.525000
906.777000
907.017000
907.189000
907.350000
907.440000
907.645000
907.967000
908.167000
908.430000
908.574000
908.732000
908.946000
909.131000
909.341000
909.536000
909.821000
909.983000
910.182000
910.266000
910.526000
910.831000
910.957000
911.134000
911.394000
911.510000
911.616000
911.998000
912.146000
912.402000
912.613000
912.722000
912.880000
913.184000
913.292000
913.544000
913.747000
913.927000
914.155000
914.341000
914.523000
914.665000
914.936000
915.151000
915.375000
915.650000
915.763000
915.955000
916.111000
916.388000
916.520000
916.752000
916.950000
917.169000
917.386000
917.607000
917.770000
917.915000
918.162000
918.332000
918.576000
918.791000
918.958000
919.136000
919.312000
919.599000
919.772000
919.863000
920.114000
920.339000
920.569000
920.744000
920.955000
921.226000
921.360000
921.548000
921.738000
922.007000
922.169000
922.338000
922.565000
922.754000
922.961000
923.106000
923.335000
923.514000
923.706000
923.944000
924.195000
924.383000
924.535000
924.766000
924.934000
925.205000
925.360000
925.613000
925.797000
925.964000
926.147000
926.308000
926.542000
926.776000
926.972000
927.147000
927.358000
927.554000
927.742000
927.959000
928.226000
928.348000
928.504000
928.712000
928.963000
929.169000
929.341000
929.502000
929.776000
929.900000
930.158000
930.346000
930.571000
930.752000
930.928000
931.051000
931.316000
931.538000
931.831000
931.929000
932.102000
932.239000
932.480000
932.650000
933.002000
933.150000
933.342000
933.517000
933.627000
933.869000
934.138000
934.362000
934.518000
934.686000
934.959000
935.114000
935.303000
935.467000
935.690000
935.881000
936.117000
936.361000
936.581000
936.786000
937.007000
937.171000
937.289000
937.528000
937.707000
937.953000
938.086000
938.293000
938.600000
938.694000
938.875000
939.107000
939.315000
939.588000
939.760000
939.904000
940.131000
940.265000
940.519000
940.742000
940.924000
941.177000
941.375000
941.491000
941.669000
941.951000
942.174000
942.389000
942.500000
942.767000
942.859000
943.133000
943.324000
943.497000
943.775000
943.962000
944.107000
944.310000
944.544000
944.736000
944.972000
945.139000
945.338000
945.555000
945.706000
945.879000
946.066000
946.291000
946.544000
946.811000
946.874000
947.151000
947.316000
947.550000
947.666000
947.924000
948.221000
948.366000
948.473000
948.743000
949.012000
949.104000
949.358000
949.520000
949.702000
949.957000
950.111000
950.292000
950.476000
950.725000
950.922000
951.120000
951.278000
951.519000
951.802000
951.946000
952.102000
952.298000
952.586000
952.718000
952.962000
953.130000
953.394000
953.534000
953.712000
953.868000
954.123000
954.313000
954.542000
954.748000
954.889000
955.048000
955.286000
955.522000
955.768000
955.945000
956.147000
956.339000
956.546000
956.691000
956.934000
957.132000
957.369000
957.521000
957.689000
957.900000
958.055000
958.291000
958.522000
958.656000
958.878000
959.087000
959.273000
959.486000
959.638000
959.843000
960.030000
960.241000
960.487000
960.662000
960.849000
961.100000
961.333000
961.408000
961.713000
961.918000
962.015000
962.218000
962.450000
962.799000
962.920000
963.134000
963.262000
963.411000
963.586000
963.774000
964.050000
964.270000
964.446000
964.653000
964.759000
965.063000
965.323000
965.510000
965.766000
965.871000
966.089000
966.316000
966.446000
966.701000
966.891000
967.022000
967.265000
967.538000
967.714000
967.865000
968.118000
968.235000
968.427000
968.703000
968.797000
969.084000
969.231000
969.455000
969.603000
969.881000
970.066000
970.243000
970.423000
970.669000
970.870000
971.031000
971.382000
971.504000
971.688000
971.934000
972.067000
972.247000
972.523000
972.685000
972.849000
973.136000
973.270000
973.471000
973.677000
973.896000
974.051000
974.293000
974.399000
974.678000
974.885000
975.057000
975.298000
975.533000
975.762000
975.995000
976.164000
976.280000
976.507000
976.746000
976.876000
977.120000
977.308000
977.454000
977.625000
977.902000
978.099000
978.302000
978.480000
978.691000
978.869000
979.103000
979.266000
979.490000
979.787000
979.901000
980.078000
980.264000
980.442000
980.702000
980.894000
981.128000
981.326000
981.471000
981.632000
981.875000
982.090000
982.237000
982.413000
982.678000
982.883000
983.044000
983.239000
983.385000
983.543000
983.843000
984.081000
984.253000
984.444000
984.626000
984.884000
985.066000
985.232000
985.412000
985.632000
985.865000
986.012000
986.267000
986.418000
986.726000
986.861000
987.148000
987.241000
987.501000
987.688000
987.864000
988.042000
988.292000
988.498000
988.595000
988.926000
989.128000
989.234000
989.437000
989.682000
989.877000
990.019000
990.330000
990.472000
990.596000
990.910000
991.062000
991.272000
991.499000
991.646000
991.903000
992.077000
992.243000
992.475000
992.672000
992.895000
993.032000
993.307000
993.597000
993.578000
993.773000
993.985000
994.298000
994.480000
994.640000
994.946000
995.083000
995.235000
995.443000
995.657000
995.830000
996.011000
996.241000
996.489000
996.654000
996.902000
997.120000
997.305000
997.513000
997.706000
997.843000
998.114000
998.297000
998.483000
998.643000
998.859000
999.165000
999.365000
999.548000
999.757000
999.876000
1000.150000
1000.360000
1000.550000
1000.760000
1000.870000
1001.040000
1001.200000
1001.440000
1001.730000
1001.910000
1002.160000
1002.280000
1002.400000
1002.650000
1002.880000
1003.030000
1003.240000
1003.430000
1003.640000
1003.820000
1004.110000
1004.310000
1004.540000
1004.650000
1004.870000
1005.110000
1005.290000
1005.440000
1005.630000
1005.840000
1006.060000
1006.280000
1006.480000
1006.730000
1006.890000
1007.060000
1007.250000
1007.450000
1007.590000
1007.780000
1008.090000
1008.250000
1008.440000
1008.600000
1008.910000
1009.080000
1009.330000
1009.500000
1009.620000
1009.830000
1010.090000
1010.280000
1010.520000
1010.730000
1010.920000
1011.070000
1011.290000
1011.490000
1011.710000
1011.880000
1012.050000
1012.200000
1012.410000
1012.710000
1012.970000
1013.140000
1013.350000
1013.530000
1013.700000
1013.890000
1014.090000
1014.340000
1014.480000
1014.690000
1014.900000
1015.090000
1015.280000
1015.450000
1015.630000
1015.850000
1016.110000
1016.280000
1016.430000
1016.720000
1016.860000
1017.040000
1017.260000
1017.430000
1017.600000
1017.790000
1018.080000
1018.310000
1018.480000
1018.720000
1018.920000
1019.040000
1019.350000
1019.610000
1019.720000
1019.890000
1020.160000
1020.330000
1020.460000
1020.720000
1020.880000
1021.030000
1021.360000
1021.570000
1021.760000
1021.860000
1022.150000
1022.310000
1022.510000
1022.700000
1022.890000
1023.110000
1023.260000
1023.540000
1023.760000
1023.900000
1024.080000
1024.270000
1024.600000
1024.730000
1024.870000
1025.010000
1025.280000
1025.510000
1025.690000
1025.830000
1026.100000
1026.310000
1026.490000
1026.770000
1026.910000
1027.070000
1027.290000
1027.600000
1027.740000
1027.980000
1028.170000
1028.290000
1028.510000
1028.730000
1028.970000
1029.160000
1029.350000
1029.480000
1029.690000
1029.910000
1030.100000
1030.340000
1030.570000
1030.720000
1030.950000
1031.180000
1031.320000
1031.430000
1031.700000
1031.920000
1032.180000
1032.400000
1032.550000
1032.590000
1032.960000
1033.110000
1033.320000
1033.520000
1033.650000
1033.910000
1034.170000
1034.350000
1034.540000
1034.740000
1034.960000
1035.200000
1035.330000
1035.540000
1035.800000
1035.900000
1036.090000
1036.340000
1036.550000
1036.720000
1036.890000
1037.120000
1037.310000
1037.490000
1037.760000
1037.890000
1038.050000
1038.400000
1038.570000
1038.730000
1038.920000
1039.120000
1039.340000
1039.600000
1039.670000
1039.930000
1040.210000
1040.330000
1040.500000
1040.770000
1040.960000
1041.210000
1041.370000
1041.530000
1041.750000
1041.920000
1042.150000
1042.310000
1042.600000
1042.750000
1042.960000
1043.170000
1043.380000
1043.580000
1043.750000
1043.920000
1044.130000
1044.370000
1044.610000
1044.740000
1044.930000
1045.100000
1045.280000
1045.530000
1045.770000
1045.960000
1046.180000
1046.380000
1046.500000
1046.750000
1046.910000
1047.140000
1047.420000
1047.550000
1047.770000
1047.890000
1048.180000
1048.370000
1048.500000
1048.710000
1048.930000
1049.190000
1049.450000
1049.670000
1049.750000
1049.940000
1050.160000
1050.360000
1050.600000
1050.670000
1050.890000
1051.120000
1051.360000
1051.580000
1051.720000
1051.970000
1052.120000
1052.320000
1052.590000
1052.790000
1052.890000
1053.170000
1053.330000
1053.520000
1053.810000
1053.930000
1054.100000
1054.290000
1054.510000
1054.750000
1054.980000
1055.190000
1055.330000
1055.520000
1055.770000
1055.980000
1056.170000
1056.350000
1056.530000
1056.800000
1056.990000
1057.150000
1057.300000
1057.460000
1057.750000
1057.910000
1058.120000
1058.360000
1058.470000
1058.770000
1058.980000
1059.170000
1059.360000
1059.520000
1059.720000
1059.960000
1060.220000
1060.390000
1060.490000
1060.730000
1061.000000
1061.110000
1061.400000
1061.620000
1061.790000
1061.920000
1062.090000
1062.340000
1062.620000
1062.810000
1063.000000
1063.130000
1063.290000
1063.580000
1063.800000
1063.920000
1064.090000
1064.330000
1064.570000
1064.710000
1065.000000
1065.180000
1065.360000
1065.600000
1065.750000
1065.970000
1066.110000
1066.310000
1066.520000
1066.720000
1067.020000
1067.210000
1067.300000
1067.500000
1067.810000
1068.020000
1068.150000
1068.380000
1068.510000
1068.720000
1068.920000
1069.210000
1069.320000
1069.530000
1069.770000
1069.890000
1070.190000
1070.360000
1070.530000
1070.740000
1070.920000
1071.110000
1071.360000
1071.620000
1071.760000
1071.900000
1072.200000
1072.330000
1072.480000
1072.660000
1072.920000
1073.160000
1073.350000
1073.540000
1073.670000
1073.940000
1074.170000
1074.370000
1074.630000
1074.740000
1074.960000
1075.170000
1075.330000
1075.590000
1075.740000
1075.960000
1076.120000
1076.330000
1076.490000
1076.710000
1076.940000
1077.180000
1077.320000
1077.610000
1077.760000
1077.920000
1078.120000
1078.300000
1078.570000
1078.800000
1078.950000
1079.090000
1079.330000
1079.560000
1079.770000
1079.910000
1080.140000
1080.380000
1080.520000
1080.760000
1080.960000
1081.130000
1081.360000
1081.510000
1081.760000
1081.940000
1082.140000
1082.420000
1082.550000
1082.720000
1082.850000
