583.088000
583.307000
583.496000
583.763000
583.960000
584.166000
584.306000
584.541000
584.633000
584.841000
585.129000
585.393000
585.522000
585.691000
585.885000
586.042000
586.309000
586.559000
586.725000
586.908000
587.114000
587.337000
587.526000
587.690000
587.876000
588.129000
588.309000
588.469000
588.763000
588.952000
589.123000
589.255000
589.541000
589.659000
589.888000
590.123000
590.286000
590.493000
590.637000
590.915000
591.072000
591.264000
591.495000
591.681000
591.937000
592.163000
592.365000
592.496000
592.715000
592.884000
593.162000
593.282000
593.491000
593.660000
593.897000
594.158000
594.261000
594.503000
594.699000
594.888000
595.152000
595.397000
595.517000
595.697000
595.917000
596.172000
596.298000
596.480000
596.710000
596.864000
597.142000
597.185000
597.526000
597.692000
597.923000
598.167000
598.296000
598.492000
598.643000
598.931000
599.160000
599.285000
599.470000
599.708000
599.927000
600.161000
600.300000
600.376000
600.692000
600.894000
601.154000
601.371000
601.495000
601.672000
601.868000
602.127000
602.314000
602.471000
602.685000
602.886000
603.176000
603.342000
603.423000
603.643000
603.896000
604.101000
604.358000
604.488000
604.667000
604.875000
605.117000
605.322000
605.544000
605.640000
605.876000
606.121000
606.306000
606.568000
606.737000
606.883000
607.070000
607.275000
607.452000
607.752000
607.937000
608.078000
608.356000
608.504000
608.688000
608.985000
609.125000
609.324000
609.529000
609.660000
609.925000
610.154000
610.290000
610.434000
610.665000
610.937000
611.240000
611.351000
611.525000
611.686000
611.879000
612.154000
612.389000
612.587000
612.751000
612.793000
613.072000
613.345000
613.549000
613.630000
613.950000
614.016000
614.247000
614.609000
614.738000
614.891000
615.065000
615.255000
615.527000
615.645000
615.898000
616.078000
616.320000
616.477000
616.805000
616.891000
617.040000
617.378000
617.430000
617.729000
617.932000
618.101000
618.247000
618.572000
618.661000
618.928000
619.117000
619.298000
619.437000
619.646000
619.910000
620.104000
620.291000
620.469000
620.751000
620.888000
621.080000
621.321000
621.496000
621.690000
621.862000
622.066000
622.243000
622.495000
622.703000
622.916000
623.127000
623.351000
623.496000
623.663000
623.881000
624.135000
624.342000
624.507000
624.675000
624.878000
625.120000
625.297000
625.526000
625.676000
625.878000
626.209000
626.232000
626.503000
626.682000
626.851000
627.161000
627.309000
627.477000
627.687000
628.037000
628.139000
628.357000
628.485000
628.739000
628.985000
629.037000
629.311000
629.418000
629.648000
629.906000
630.085000
630.306000
630.409000
630.703000
630.906000
631.089000
631.301000
631.534000
631.729000
631.884000
632.112000
632.307000
632.499000
632.770000
632.880000
633.059000
633.264000
633.495000
633.663000
633.928000
634.106000
634.265000
634.442000
634.750000
634.956000
635.073000
635.295000
635.475000
635.674000
635.874000
636.037000
636.308000
636.571000
636.717000
636.898000
637.035000
637.261000
637.558000
637.719000
637.863000
638.110000
638.278000
638.497000
638.711000
638.891000
639.063000
639.294000
639.508000
639.724000
639.933000
640.109000
640.312000
640.537000
640.719000
640.954000
641.164000
641.339000
641.558000
641.693000
641.824000
642.142000
642.270000
642.461000
642.740000
642.910000
643.090000
643.308000
643.514000
643.637000
643.915000
644.122000
644.418000
644.527000
644.646000
644.986000
645.080000
645.292000
645.527000
645.717000
645.860000
646.070000
646.389000
646.603000
646.711000
646.900000
647.096000
647.268000
647.515000
647.776000
647.968000
648.104000
648.336000
648.500000
648.660000
648.947000
649.141000
649.272000
649.515000
649.714000
649.944000
650.099000
650.312000
650.557000
650.703000
650.910000
651.129000
651.320000
651.556000
651.704000
651.957000
652.089000
652.329000
652.504000
652.712000
652.900000
653.074000
653.317000
653.485000
653.736000
653.858000
654.023000
654.268000
654.530000
654.726000
654.869000
655.077000
655.295000
655.513000
655.687000
655.924000
656.174000
656.288000
656.457000
656.787000
656.907000
657.078000
657.258000
657.543000
657.679000
657.912000
658.088000
658.295000
658.458000
658.727000
658.903000
659.064000
659.284000
659.473000
659.744000
659.876000
660.131000
660.328000
660.454000
660.722000
660.922000
661.012000
661.306000
661.501000
661.710000
661.918000
662.113000
662.300000
662.490000
662.660000
662.893000
663.116000
663.270000
663.421000
663.601000
663.899000
664.178000
664.313000
664.434000
664.687000
664.906000
665.134000
665.322000
665.478000
665.723000
665.914000
666.143000
666.307000
666.465000
666.720000
666.825000
667.045000
667.269000
667.596000
667.744000
667.843000
668.092000
668.274000
668.531000
668.674000
668.893000
669.097000
669.335000
669.507000
669.676000
669.898000
670.117000
670.312000
670.539000
670.694000
670.902000
671.045000
671.366000
671.489000
671.722000
671.900000
672.088000
672.303000
672.542000
672.708000
672.952000
673.075000
673.306000
673.459000
673.763000
673.926000
674.086000
674.257000
674.545000
674.701000
674.914000
675.029000
675.285000
675.457000
675.699000
675.928000
676.004000
676.250000
676.518000
676.736000
676.953000
677.144000
677.313000
677.450000
677.647000
677.955000
678.154000
678.281000
678.406000
678.714000
678.914000
679.259000
679.341000
679.502000
679.678000
679.920000
680.139000
680.298000
680.509000
680.688000
680.956000
681.122000
681.273000
681.425000
681.641000
681.883000
682.095000
682.322000
682.557000
682.730000
682.901000
683.106000
683.258000
683.493000
683.742000
683.910000
684.125000
684.309000
684.436000
684.664000
684.909000
685.063000
685.345000
685.499000
685.664000
685.885000
686.139000
686.346000
686.491000
686.719000
686.929000
687.139000
687.350000
687.460000
687.732000
687.859000
688.090000
688.304000
688.538000
688.746000
688.823000
689.141000
689.388000
689.506000
689.696000
689.874000
690.123000
690.320000
690.450000
690.739000
690.873000
691.011000
691.341000
691.447000
691.781000
691.858000
692.032000
692.366000
692.538000
692.719000
692.853000
693.061000
693.335000
693.563000
693.729000
693.850000
693.985000
694.263000
694.574000
694.704000
694.832000
695.060000
695.241000
695.474000
695.764000
695.781000
695.959000
696.296000
696.579000
696.689000
696.871000
697.081000
697.311000
697.569000
697.695000
697.907000
698.057000
698.300000
698.496000
698.677000
698.951000
699.132000
699.323000
699.452000
699.694000
699.953000
700.115000
700.283000
700.471000
700.774000
700.891000
701.031000
701.274000
701.549000
701.667000
701.870000
702.108000
702.307000
702.498000
702.744000
702.900000
703.079000
703.342000
703.486000
703.730000
703.886000
704.104000
704.271000
704.459000
704.684000
704.958000
705.098000
705.345000
705.519000
705.778000
705.924000
706.155000
706.290000
706.506000
706.697000
706.977000
707.149000
707.270000
707.438000
707.766000
707.941000
708.152000
708.343000
708.511000
708.682000
708.863000
709.145000
709.312000
709.624000
709.719000
709.908000
710.070000
710.232000
710.489000
710.707000
710.926000
711.136000
711.233000
711.468000
711.719000
711.926000
712.162000
712.268000
712.480000
712.743000
712.869000
713.158000
713.335000
713.527000
713.673000
713.873000
714.042000
714.265000
714.554000
714.739000
714.868000
715.123000
715.213000
715.489000
715.730000
715.937000
716.144000
716.291000
716.501000
716.719000
716.968000
717.150000
717.359000
717.445000
717.670000
717.912000
718.125000
718.325000
718.412000
718.726000
718.934000
719.137000
719.374000
719.508000
719.686000
719.920000
720.167000
720.279000
720.545000
720.675000
720.966000
721.076000
721.388000
721.458000
721.683000
721.911000
722.145000
722.310000
722.530000
722.728000
722.947000
723.102000
723.237000
723.594000
723.718000
723.970000
724.135000
724.340000
724.566000
724.751000
724.964000
725.091000
725.365000
725.509000
725.647000
725.949000
726.029000
726.273000
726.514000
726.783000
726.863000
727.019000
727.331000
727.562000
727.729000
727.893000
728.040000
728.313000
728.516000
728.705000
728.915000
729.054000
729.267000
729.512000
729.709000
729.930000
730.058000
730.267000
730.480000
730.664000
730.929000
731.176000
731.358000
731.412000
731.682000
731.940000
732.161000
732.358000
732.446000
732.717000
732.937000
733.086000
733.384000
733.464000
733.712000
733.909000
734.172000
734.317000
734.457000
734.658000
734.944000
735.104000
735.366000
735.508000
735.779000
735.870000
736.132000
736.347000
736.486000
736.689000
736.798000
737.081000
737.317000
737.510000
737.670000
737.870000
738.133000
738.366000
738.524000
738.695000
738.976000
739.077000
739.326000
739.486000
739.701000
739.936000
740.064000
740.277000
740.507000
740.737000
740.894000
741.060000
741.307000
741.524000
741.731000
741.899000
742.092000
742.219000
742.555000
742.744000
742.945000
743.082000
743.307000
743.496000
743.687000
743.972000
744.120000
744.278000
744.454000
744.675000
744.924000
745.148000
745.270000
745.409000
745.777000
745.985000
746.122000
746.240000
746.478000
746.733000
746.931000
747.115000
747.283000
747.606000
747.716000
747.921000
748.128000
748.341000
748.535000
748.719000
748.896000
749.187000
749.249000
749.480000
749.662000
749.891000
750.177000
750.239000
750.462000
750.694000
750.912000
751.084000
751.240000
751.430000
751.700000
751.950000
752.042000
752.230000
752.436000
752.740000
752.905000
753.099000
753.352000
753.572000
753.693000
753.829000
754.111000
754.268000
754.454000
754.726000
754.957000
755.103000
755.354000
755.513000
755.641000
755.881000
756.112000
756.321000
756.542000
756.694000
756.951000
757.091000
757.234000
757.508000
757.677000
757.854000
758.109000
758.353000
758.539000
758.767000
758.958000
759.096000
759.229000
759.487000
759.702000
759.872000
760.046000
760.366000
760.450000
760.703000
760.891000
761.125000
761.385000
761.469000
761.724000
761.915000
762.132000
762.275000
762.580000
762.671000
762.860000
763.144000
763.344000
763.487000
763.727000
763.908000
764.188000
764.267000
764.472000
764.721000
764.860000
765.094000
765.358000
765.445000
765.668000
765.925000
766.132000
766.316000
766.443000
766.691000
766.877000
767.203000
767.267000
767.517000
767.788000
767.939000
768.055000
768.319000
768.469000
768.700000
768.904000
769.057000
769.276000
769.571000
769.698000
769.944000
770.048000
770.256000
770.518000
770.713000
770.912000
771.052000
771.272000
771.416000
771.732000
771.922000
772.090000
772.354000
772.502000
772.747000
772.812000
773.147000
773.365000
773.475000
773.742000
773.925000
774.090000
774.255000
774.450000
774.716000
774.970000
775.101000
775.352000
775.524000
775.711000
775.982000
776.149000
776.244000
776.500000
776.709000
776.954000
777.067000
777.308000
777.436000
777.708000
777.928000
778.137000
778.262000
778.502000
778.713000
778.960000
779.078000
779.331000
779.505000
779.675000
779.882000
780.153000
780.379000
780.534000
780.771000
780.889000
781.079000
781.299000
781.520000
781.700000
781.872000
782.136000
782.330000
782.558000
782.671000
782.904000
783.050000
783.286000
783.519000
783.765000
783.899000
784.044000
784.373000
784.482000
784.688000
784.936000
785.080000
785.339000
785.518000
785.726000
785.941000
786.100000
786.206000
786.504000
786.683000
786.990000
787.051000
787.242000
787.518000
787.661000
787.857000
788.095000
788.341000
788.549000
788.736000
788.852000
789.070000
789.346000
789.615000
789.734000
789.845000
790.082000
790.329000
790.490000
790.710000
790.937000
791.033000
791.316000
791.524000
791.706000
791.943000
792.081000
792.269000
792.513000
792.732000
792.918000
793.111000
793.272000
793.400000
793.778000
793.944000
794.055000
794.314000
794.462000
794.729000
794.884000
795.106000
795.346000
795.507000
795.740000
795.872000
795.992000
796.243000
796.476000
796.681000
796.890000
797.100000
797.286000
797.476000
797.762000
797.974000
798.107000
798.292000
798.549000
798.635000
798.899000
799.210000
799.289000
799.486000
799.648000
799.880000
800.065000
800.288000
800.546000
800.661000
800.848000
801.085000
801.300000
801.531000
801.761000
801.863000
802.105000
802.278000
802.554000
802.641000
802.793000
803.081000
803.412000
803.587000
803.750000
803.844000
804.081000
804.294000
804.507000
804.645000
804.899000
805.095000
805.321000
805.479000
805.684000
805.863000
806.157000
806.359000
806.421000
806.612000
806.922000
807.047000
807.225000
807.540000
807.694000
807.869000
808.131000
808.246000
808.460000
808.768000
808.914000
809.119000
809.322000
809.535000
809.683000
809.893000
810.126000
810.372000
810.556000
810.739000
810.938000
811.092000
811.363000
811.555000
811.641000
811.886000
812.097000
812.324000
812.528000
812.691000
812.880000
813.086000
813.309000
813.482000
813.689000
813.868000
814.149000
814.345000
814.473000
814.675000
814.836000
815.087000
815.287000
815.521000
815.715000
815.928000
816.206000
816.254000
816.459000
816.673000
816.964000
817.125000
817.304000
817.476000
817.715000
817.961000
818.142000
818.256000
818.509000
818.725000
818.827000
819.114000
819.352000
819.523000
819.644000
819.934000
820.086000
820.266000
820.458000
820.697000
820.941000
821.139000
821.296000
821.474000
821.684000
821.881000
822.063000
822.346000
822.449000
822.716000
822.989000
823.055000
823.260000
823.486000
823.664000
823.884000
824.088000
824.292000
824.531000
824.677000
824.872000
825.115000
825.311000
825.495000
825.679000
825.904000
826.112000
826.331000
826.439000
826.677000
826.881000
827.078000
827.310000
827.450000
827.695000
827.910000
828.063000
828.288000
828.514000
828.698000
828.918000
829.107000
829.336000
829.576000
829.820000
829.869000
830.052000
830.273000
830.461000
830.727000
830.921000
831.201000
831.293000
831.553000
831.725000
831.838000
832.116000
832.340000
832.491000
832.713000
832.868000
833.043000
833.270000
833.438000
833.718000
833.873000
834.056000
834.202000
834.514000
834.753000
834.822000
835.115000
835.335000
835.460000
835.680000
835.922000
836.117000
836.306000
836.486000
836.678000
836.920000
837.096000
837.317000
837.556000
837.705000
837.890000
838.169000
838.256000
838.478000
838.738000
838.900000
839.151000
839.296000
839.438000
839.746000
839.959000
840.127000
840.297000
840.421000
840.612000
840.874000
841.085000
841.375000
841.459000
841.651000
841.905000
842.066000
842.202000
842.445000
842.775000
842.966000
843.128000
843.260000
843.448000
843.721000
843.948000
844.152000
844.277000
844.506000
844.736000
844.920000
845.167000
845.282000
845.516000
845.697000
845.917000
846.007000
846.304000
846.495000
846.741000
846.890000
847.053000
847.276000
847.475000
847.668000
847.876000
848.079000
848.222000
848.522000
848.718000
848.944000
849.115000
849.285000
849.472000
849.710000
850.007000
850.077000
850.212000
850.507000
850.699000
850.926000
851.094000
851.342000
851.494000
851.724000
851.915000
852.100000
852.290000
852.562000
852.759000
852.929000
853.090000
853.273000
853.489000
853.709000
853.922000
854.096000
854.262000
854.429000
854.694000
854.909000
855.119000
855.336000
855.440000
855.681000
855.936000
856.136000
856.349000
856.529000
856.682000
856.887000
857.109000
857.299000
857.509000
857.694000
857.940000
858.075000
858.306000
858.502000
858.660000
858.875000
859.178000
859.327000
859.412000
859.661000
859.900000
860.142000
860.319000
860.503000
860.731000
860.876000
861.093000
861.277000
861.567000
861.656000
861.885000
862.164000
862.360000
862.528000
862.669000
862.841000
863.121000
863.304000
863.531000
863.705000
863.903000
864.132000
864.293000
864.554000
864.722000
864.867000
865.106000
865.306000
865.604000
865.626000
865.851000
866.155000
866.300000
866.603000
866.781000
866.957000
867.120000
867.358000
867.426000
867.757000
867.989000
868.071000
868.269000
868.444000
868.664000
868.995000
869.110000
869.336000
869.578000
869.720000
869.836000
870.124000
870.287000
870.517000
870.672000
870.857000
871.083000
871.302000
871.533000
871.693000
871.918000
872.100000
872.263000
872.576000
872.769000
872.951000
873.059000
873.244000
873.450000
873.649000
873.967000
874.067000
874.297000
874.516000
874.712000
874.903000
875.101000
875.312000
875.522000
875.725000
875.936000
876.052000
876.278000
876.505000
876.720000
876.913000
877.079000
877.205000
877.507000
877.728000
877.895000
878.089000
878.317000
878.544000
878.735000
878.875000
879.104000
879.293000
879.483000
879.676000
879.911000
880.104000
880.287000
880.538000
880.674000
880.928000
881.094000
881.232000
881.516000
881.755000
881.886000
882.121000
882.201000
882.507000
882.774000
882.917000
883.046000
883.242000
883.488000
883.723000
883.883000
884.003000
884.177000
884.478000
884.722000
884.946000
885.104000
885.266000
885.537000
885.700000
885.866000
886.086000
886.284000
886.518000
886.707000
886.927000
887.126000
887.307000
887.491000
887.679000
887.925000
888.119000
888.363000
888.511000
888.715000
888.893000
889.100000
889.314000
889.444000
889.609000
889.924000
890.135000
890.276000
890.441000
890.655000
890.862000
891.194000
891.293000
891.530000
891.722000
891.814000
892.072000
892.282000
892.508000
892.700000
892.856000
893.116000
893.293000
893.495000
893.705000
893.936000
894.124000
894.240000
894.449000
894.739000
894.931000
895.075000
895.205000
895.501000
895.683000
895.944000
896.085000
896.264000
896.549000
896.771000
896.938000
897.087000
897.325000
897.515000
897.722000
897.878000
898.074000
898.376000
898.511000
898.711000
898.959000
899.026000
899.284000
899.524000
899.738000
899.899000
900.103000
900.231000
900.487000
900.755000
900.857000
901.063000
901.240000
901.509000
901.706000
901.827000
902.049000
902.401000
902.507000
902.709000
902.892000
903.186000
903.311000
903.465000
903.625000
903.951000
904.166000
904.361000
904.460000
904.643000
904.874000
905.159000
905.364000
905.468000
905.636000
905.863000
906.068000
906.343000
906.553000
906.731000
906.960000
907.043000
907.278000
907.524000
907.696000
907.878000
908.022000
908.282000
908.508000
908.760000
908.871000
909.133000
909.365000
909.519000
909.651000
909.859000
910.053000
910.284000
910.475000
910.720000
910.967000
911.110000
911.257000
911.478000
911.664000
911.936000
912.134000
912.291000
912.472000
912.721000
912.890000
913.170000
913.367000
913.504000
913.654000
913.887000
914.065000
914.370000
914.508000
914.649000
914.926000
915.089000
915.366000
915.486000
915.673000
915.956000
916.166000
916.307000
916.447000
916.675000
916.933000
917.123000
917.249000
917.543000
917.735000
917.913000
918.131000
918.301000
918.530000
918.679000
918.931000
919.052000
919.274000
919.504000
919.782000
919.879000
920.124000
920.324000
920.537000
920.707000
920.891000
921.056000
921.299000
921.528000
921.750000
921.923000
922.086000
922.379000
922.573000
922.693000
922.874000
923.123000
923.357000
923.519000
923.686000
923.884000
924.109000
924.369000
924.525000
924.664000
924.834000
925.058000
925.345000
925.492000
925.704000
925.923000
926.067000
926.279000
926.532000
926.648000
926.901000
927.040000
927.243000
927.485000
927.690000
927.895000
928.022000
928.227000
928.455000
928.631000
928.932000
929.068000
929.250000
929.511000
929.705000
929.874000
930.140000
930.357000
930.545000
930.679000
930.889000
931.072000
931.237000
931.552000
931.717000
931.933000
932.166000
932.273000
932.471000
932.705000
932.885000
933.107000
933.292000
933.487000
933.704000
933.958000
934.155000
934.234000
934.541000
934.673000
934.914000
935.134000
935.275000
935.463000
935.760000
935.854000
936.112000
936.277000
936.466000
936.631000
936.860000
937.059000
937.368000
937.591000
937.611000
937.909000
938.130000
938.277000
938.471000
938.734000
938.947000
939.068000
939.239000
939.483000
939.661000
939.911000
940.088000
940.250000
940.539000
940.722000
940.872000
941.088000
941.331000
941.475000
941.752000
941.963000
942.091000
942.300000
942.457000
942.732000
942.929000
943.118000
943.256000
943.470000
943.708000
943.918000
944.113000
944.224000
944.475000
944.660000
944.881000
945.143000
945.297000
945.440000
945.677000
945.912000
946.103000
946.243000
946.473000
946.713000
946.911000
947.011000
947.262000
947.532000
947.814000
947.967000
948.062000
948.253000
948.448000
948.785000
948.928000
949.070000
949.229000
949.462000
949.646000
949.899000
950.070000
950.376000
950.475000
950.620000
950.888000
951.133000
951.344000
951.432000
951.607000
951.900000
952.107000
952.296000
952.452000
952.748000
952.914000
953.042000
953.291000
953.443000
953.624000
953.831000
954.146000
954.382000
954.519000
954.630000
954.845000
955.094000
955.303000
955.510000
955.648000
955.853000
956.084000
956.256000
956.520000
956.728000
956.798000
957.114000
957.264000
957.529000
957.698000
957.963000
958.164000
958.269000
958.594000
958.754000
958.905000
959.107000
959.307000
959.519000
959.666000
959.943000
960.084000
960.298000
960.422000
960.685000
960.920000
961.081000
961.333000
961.443000
961.670000
961.926000
962.120000
962.259000
962.525000
962.692000
962.877000
963.065000
963.278000
963.441000
963.711000
963.933000
964.050000
964.273000
964.524000
964.704000
964.875000
965.072000
965.251000
965.469000
965.675000
965.891000
966.090000
966.237000
966.440000
966.579000
966.862000
967.228000
967.276000
967.501000
967.716000
967.863000
968.148000
968.291000
968.452000
968.666000
968.911000
969.122000
969.391000
969.457000
969.709000
969.918000
970.088000
970.252000
970.489000
970.667000
970.900000
971.122000
971.281000
971.513000
971.737000
971.971000
972.123000
972.303000
972.546000
972.707000
972.901000
973.085000
973.268000
973.466000
973.693000
973.914000
974.134000
974.267000
974.525000
974.677000
974.906000
975.178000
975.337000
975.484000
975.682000
975.895000
976.096000
976.320000
976.546000
976.683000
976.852000
977.101000
977.272000
977.553000
977.702000
977.925000
978.056000
978.262000
978.496000
978.681000
978.930000
979.116000
979.311000
979.456000
979.705000
979.890000
980.086000
980.363000
980.509000
980.719000
980.892000
981.202000
981.294000
981.466000
981.691000
981.913000
982.136000
982.232000
982.465000
982.668000
982.899000
983.195000
983.240000
983.523000
983.731000
983.912000
984.031000
984.270000
984.528000
984.700000
984.886000
985.179000
985.368000
985.555000
985.735000
985.870000
986.023000
986.363000
986.543000
986.671000
986.881000
987.111000
987.281000
987.505000
987.709000
987.900000
988.113000
988.278000
988.520000
988.788000
988.904000
989.096000
989.264000
989.525000
989.730000
989.931000
990.111000
990.345000
990.477000
990.696000
990.905000
991.061000
991.315000
991.495000
991.705000
991.891000
992.084000
992.310000
992.518000
992.734000
992.872000
993.068000
993.347000
993.505000
993.626000
993.843000
994.023000
994.294000
994.544000
994.713000
994.890000
995.146000
995.374000
995.551000
995.690000
995.973000
996.157000
996.304000
996.448000
996.742000
996.895000
997.091000
997.363000
997.524000
997.728000
997.921000
998.114000
998.313000
998.526000
998.727000
998.927000
999.036000
999.271000
999.498000
999.698000
999.946000
1000.160000
1000.330000
1000.520000
1000.680000
1000.930000
1001.110000
1001.270000
1001.510000
1001.690000
1001.860000
1002.140000
1002.310000
1002.460000
1002.600000
1002.910000
1003.120000
1003.300000
1003.510000
1003.640000
1003.840000
1004.110000
1004.380000
1004.550000
1004.660000
1004.820000
1005.090000
1005.320000
1005.550000
1005.740000
1005.890000
1006.060000
1006.330000
1006.490000
1006.690000
1006.920000
1007.000000
1007.290000
1007.570000
1007.780000
1007.940000
1008.050000
1008.340000
1008.500000
1008.710000
1008.890000
1009.070000
1009.220000
1009.450000
1009.770000
1009.860000
1010.070000
1010.270000
1010.420000
1010.710000
1010.860000
1011.070000
1011.300000
1011.430000
1011.660000
1011.850000
1012.130000
1012.220000
1012.430000
1012.620000
1012.930000
1013.080000
1013.270000
1013.490000
1013.730000
1013.890000
1014.090000
1014.320000
1014.470000
1014.700000
1014.880000
1015.090000
1015.320000
1015.480000
1015.700000
1015.850000
1016.110000
1016.320000
1016.480000
1016.770000
1016.960000
1017.080000
1017.280000
1017.520000
1017.710000
1017.910000
1018.080000
1018.260000
1018.510000
1018.620000
1018.920000
1019.070000
1019.340000
1019.470000
1019.720000
1019.850000
1020.180000
1020.320000
1020.530000
1020.660000
1020.900000
1021.100000
1021.320000
1021.480000
1021.700000
1021.930000
1022.040000
1022.380000
1022.470000
1022.750000
1022.930000
1023.120000
1023.320000
1023.520000
1023.680000
1023.960000
1024.120000
1024.240000
1024.520000
1024.620000
1024.900000
1025.070000
1025.360000
1025.500000
1025.630000
1025.850000
1026.060000
1026.280000
1026.530000
1026.720000
1026.930000
1027.150000
1027.300000
1027.480000
1027.710000
1027.910000
1028.060000
1028.360000
1028.570000
1028.710000
1028.890000
1029.160000
1029.310000
1029.480000
1029.710000
1029.980000
1030.110000
1030.310000
1030.530000
1030.690000
1030.900000
1031.160000
1031.320000
1031.600000
1031.690000
1031.910000
1032.090000
1032.280000
1032.490000
1032.700000
1032.930000
1033.080000
1033.310000
1033.500000
1033.750000
1033.930000
1034.060000
1034.320000
1034.560000
1034.720000
1034.900000
1035.050000
1035.360000
1035.470000
1035.690000
1035.860000
1036.110000
1036.290000
1036.490000
1036.730000
1036.900000
1037.180000
1037.310000
1037.480000
1037.740000
1037.930000
1038.140000
1038.250000
1038.430000
1038.750000
1038.880000
1039.050000
1039.280000
1039.490000
1039.780000
1039.910000
1040.110000
1040.310000
1040.510000
1040.700000
1040.890000
1041.170000
1041.300000
1041.530000
1041.750000
1041.970000
1042.220000
1042.300000
1042.440000
1042.630000
1042.910000
1043.080000
1043.320000
1043.450000
1043.700000
1043.890000
1044.150000
1044.300000
1044.470000
1044.660000
1044.970000
1045.160000
1045.230000
1045.530000
1045.750000
1045.960000
1046.120000
1046.310000
1046.480000
1046.680000
1046.970000
1047.150000
1047.280000
1047.470000
1047.700000
1047.870000
1048.170000
1048.410000
1048.500000
1048.660000
1048.880000
1049.100000
1049.340000
1049.520000
1049.700000
1049.950000
1050.190000
1050.230000
1050.550000
1050.730000
1050.970000
1051.050000
1051.320000
1051.580000
1051.690000
1051.920000
1052.150000
1052.310000
1052.500000
1052.700000
1052.900000
1053.120000
1053.300000
1053.500000
1053.680000
1053.980000
1054.150000
1054.320000
1054.470000
1054.720000
1054.930000
1055.140000
1055.330000
1055.520000
1055.720000
1055.920000
1056.000000
1056.340000
1056.490000
1056.750000
1056.880000
1057.120000
1057.330000
1057.520000
1057.640000
1057.890000
1058.190000
1058.340000
1058.580000
1058.690000
1058.900000
1059.090000
1059.350000
1059.610000
1059.760000
1059.900000
1060.090000
1060.310000
1060.520000
1060.640000
1060.880000
1061.110000
1061.400000
1061.520000
1061.710000
1061.870000
1062.090000
1062.380000
1062.460000
1062.730000
1062.950000
1063.140000
1063.190000
1063.520000
1063.670000
1063.900000
1064.100000
1064.250000
1064.660000
1064.720000
1064.910000
1065.130000
1065.300000
1065.570000
1065.700000
1065.830000
1066.130000
1066.310000
1066.470000
1066.670000
1066.810000
1067.040000
1067.340000
1067.490000
1067.740000
1067.860000
1068.080000
1068.280000
1068.450000
1068.670000
1068.820000
1069.130000
1069.320000
1069.460000
1069.680000
1069.820000
1070.070000
1070.330000
1070.500000
1070.720000
1070.910000
1071.110000
1071.390000
1071.490000
1071.750000
1071.910000
1072.120000
1072.320000
1072.500000
1072.730000
1072.890000
1073.120000
1073.280000
1073.530000
1073.770000
1073.870000
1074.140000
1074.260000
1074.470000
1074.740000
1074.900000
1075.070000
1075.270000
1075.490000
1075.680000
1075.840000
1076.110000
1076.320000
1076.500000
1076.710000
1076.880000
1077.110000
1077.300000
1077.460000
1077.730000
1077.900000
1078.100000
1078.270000
1078.500000
1078.680000
1078.850000
1079.140000
1079.310000
1079.490000
1079.780000
1079.930000
1080.060000
1080.290000
1080.450000
1080.670000
1080.910000
1081.070000
1081.320000
1081.490000
1081.750000
1081.930000
1082.060000
1082.300000
1082.470000
1082.680000
1082.980000
1083.040000
