548.015000
548.228000
548.394000
548.666000
548.856000
549.030000
549.250000
549.377000
549.655000
549.784000
549.977000
550.215000
550.429000
550.646000
550.809000
550.951000
551.271000
551.255000
551.627000
551.645000
552.035000
552.219000
552.259000
552.528000
552.727000
553.048000
553.258000
553.416000
553.561000
553.800000
554.009000
554.164000
554.381000
554.657000
554.903000
555.017000
555.202000
555.442000
555.618000
555.776000
556.005000
556.273000
556.424000
556.498000
556.802000
556.974000
557.225000
557.367000
557.537000
557.900000
558.017000
558.245000
558.450000
558.594000
558.880000
559.002000
559.276000
559.467000
559.535000
559.797000
560.085000
560.323000
560.428000
560.614000
560.831000
560.967000
561.241000
561.388000
561.642000
561.836000
562.005000
562.149000
562.386000
562.685000
562.883000
562.936000
563.233000
563.428000
563.674000
563.800000
563.917000
564.217000
564.425000
564.598000
564.918000
565.075000
565.174000
565.355000
565.631000
565.801000
566.014000
566.285000
566.408000
566.474000
566.774000
566.935000
567.216000
567.406000
567.648000
567.810000
568.064000
568.249000
568.379000
568.534000
568.749000
569.040000
569.182000
569.378000
569.525000
569.766000
570.057000
570.190000
570.389000
570.562000
570.772000
570.991000
571.226000
571.438000
571.644000
571.847000
571.970000
572.208000
572.399000
572.567000
572.860000
573.010000
573.111000
573.481000
573.579000
573.822000
574.019000
574.180000
574.356000
574.587000
574.762000
574.985000
575.178000
575.411000
575.648000
575.811000
576.068000
576.238000
576.350000
576.590000
576.785000
577.053000
577.197000
577.431000
577.496000
577.807000
578.014000
578.240000
578.456000
578.657000
578.812000
578.940000
579.204000
579.367000
579.642000
579.837000
580.003000
580.156000
580.438000
580.582000
580.849000
580.928000
581.128000
581.403000
581.491000
581.861000
581.976000
582.152000
582.385000
582.685000
582.788000
583.022000
583.199000
583.337000
583.669000
583.874000
584.032000
584.224000
584.376000
584.557000
584.812000
585.090000
585.158000
585.381000
585.636000
585.789000
586.068000
586.101000
586.337000
586.605000
586.904000
587.049000
587.248000
587.452000
587.522000
587.894000
587.997000
588.131000
588.428000
588.608000
588.880000
589.130000
589.226000
589.452000
589.636000
589.780000
590.089000
590.259000
590.401000
590.669000
590.872000
591.025000
591.142000
591.391000
591.490000
591.816000
591.974000
592.172000
592.376000
592.633000
592.924000
593.010000
593.144000
593.449000
593.624000
593.773000
594.037000
594.213000
594.388000
594.540000
594.848000
595.042000
595.236000
595.426000
595.635000
595.849000
596.057000
596.224000
596.406000
596.543000
596.871000
596.971000
597.253000
597.452000
597.655000
597.774000
597.968000
598.095000
598.409000
598.613000
598.853000
599.068000
599.183000
599.384000
599.640000
599.809000
599.990000
600.264000
600.425000
600.604000
600.708000
600.895000
601.217000
601.486000
601.678000
601.791000
602.039000
602.208000
602.376000
602.565000
602.727000
603.002000
603.274000
603.491000
603.563000
603.872000
603.985000
604.215000
604.419000
604.550000
604.830000
605.001000
605.227000
605.398000
605.601000
605.756000
605.993000
606.179000
606.342000
606.647000
606.860000
607.017000
607.225000
607.415000
607.540000
607.875000
608.003000
608.160000
608.485000
608.599000
608.769000
609.064000
609.272000
609.312000
609.588000
609.752000
609.976000
610.219000
610.443000
610.696000
610.806000
611.075000
611.198000
611.384000
611.624000
611.838000
611.970000
612.272000
612.376000
612.547000
612.786000
612.987000
613.290000
613.401000
613.603000
613.745000
614.033000
614.217000
614.374000
614.619000
614.739000
614.987000
615.226000
615.428000
615.612000
615.835000
615.952000
616.209000
616.374000
616.680000
616.873000
616.976000
617.196000
617.460000
617.542000
617.799000
617.991000
618.170000
618.366000
618.568000
618.804000
618.997000
619.277000
619.427000
619.652000
619.750000
620.125000
620.185000
620.413000
620.618000
620.717000
620.954000
621.215000
621.375000
621.653000
621.779000
622.085000
622.084000
622.299000
622.630000
622.821000
623.041000
623.190000
623.462000
623.610000
623.871000
624.084000
624.301000
624.354000
624.590000
624.773000
625.002000
625.159000
625.380000
625.657000
625.842000
626.018000
626.179000
626.317000
626.587000
626.890000
626.969000
627.220000
627.443000
627.568000
627.812000
628.077000
628.304000
628.349000
628.601000
628.834000
629.098000
629.182000
629.394000
629.589000
629.784000
629.970000
630.216000
630.331000
630.569000
630.812000
631.031000
631.227000
631.449000
631.612000
631.767000
631.921000
632.229000
632.410000
632.684000
632.835000
633.048000
633.126000
633.364000
633.625000
633.812000
634.077000
634.201000
634.416000
634.586000
634.796000
634.933000
635.200000
635.427000
635.575000
635.842000
636.085000
636.178000
636.360000
636.649000
636.732000
637.022000
637.178000
637.422000
637.549000
637.841000
637.953000
638.222000
638.412000
638.600000
638.793000
638.943000
639.172000
639.436000
639.593000
639.817000
639.998000
640.222000
640.391000
640.547000
640.848000
640.954000
641.215000
641.423000
641.657000
641.815000
641.982000
642.293000
642.412000
642.616000
642.722000
643.017000
643.150000
643.463000
643.605000
643.826000
643.970000
644.238000
644.453000
644.605000
644.894000
645.061000
645.227000
645.429000
645.591000
645.848000
645.949000
646.219000
646.448000
646.660000
646.811000
647.042000
647.256000
647.376000
647.643000
647.845000
648.003000
648.207000
648.362000
648.659000
648.815000
648.993000
649.177000
649.456000
649.635000
649.814000
649.987000
650.269000
650.407000
650.548000
650.848000
651.142000
651.256000
651.408000
651.589000
651.821000
652.038000
652.219000
652.329000
652.575000
652.755000
653.041000
653.287000
653.411000
653.622000
653.880000
654.063000
654.270000
654.416000
654.591000
654.766000
655.012000
655.209000
655.425000
655.584000
655.763000
656.015000
656.238000
656.449000
656.611000
656.817000
657.031000
657.211000
657.392000
657.622000
657.776000
658.003000
658.193000
658.446000
658.644000
658.738000
659.050000
659.202000
659.477000
659.653000
659.797000
659.899000
660.166000
660.491000
660.659000
660.839000
661.059000
661.206000
661.385000
661.684000
661.820000
662.010000
662.219000
662.437000
662.628000
662.793000
662.979000
663.256000
663.443000
663.670000
663.777000
664.019000
664.207000
664.321000
664.532000
664.769000
665.057000
665.251000
665.470000
665.670000
665.838000
665.938000
666.199000
666.430000
666.629000
666.825000
666.955000
667.150000
667.461000
667.569000
667.843000
667.977000
668.241000
668.457000
668.657000
668.812000
668.984000
669.233000
669.458000
669.636000
669.963000
669.964000
670.198000
670.388000
670.702000
670.941000
670.972000
671.226000
671.319000
671.588000
671.789000
672.050000
672.235000
672.396000
672.609000
672.829000
673.021000
673.207000
673.432000
673.599000
673.733000
674.057000
674.249000
674.449000
674.571000
674.773000
675.013000
675.283000
675.509000
675.707000
675.751000
676.036000
676.226000
676.434000
676.580000
676.910000
677.054000
677.182000
677.403000
677.656000
677.827000
678.032000
678.268000
678.364000
678.666000
678.815000
678.946000
679.249000
679.461000
679.638000
679.819000
680.095000
680.120000
680.388000
680.651000
680.854000
680.947000
681.146000
681.424000
681.672000
681.909000
682.005000
682.181000
682.410000
682.498000
682.801000
683.103000
683.286000
683.356000
683.571000
683.816000
684.044000
684.204000
684.431000
684.668000
684.855000
685.016000
685.305000
685.298000
685.584000
685.812000
685.982000
686.217000
686.377000
686.594000
686.812000
686.999000
687.262000
687.398000
687.594000
687.731000
687.964000
688.264000
688.448000
688.586000
688.740000
689.031000
689.247000
689.449000
689.564000
689.745000
690.004000
690.210000
690.451000
690.597000
690.867000
691.019000
691.240000
691.465000
691.561000
691.765000
691.979000
692.294000
692.424000
692.646000
692.836000
693.069000
693.293000
693.474000
693.624000
693.849000
694.034000
694.278000
694.402000
694.588000
694.846000
694.985000
695.212000
695.390000
695.596000
695.846000
695.989000
696.229000
696.433000
696.593000
696.825000
697.070000
697.104000
697.360000
697.575000
697.827000
697.961000
698.266000
698.369000
698.633000
698.825000
699.013000
699.220000
699.522000
699.567000
699.782000
699.952000
700.229000
700.402000
700.574000
700.795000
700.986000
701.269000
701.404000
701.509000
701.748000
701.924000
702.206000
702.465000
702.641000
702.815000
702.993000
703.230000
703.485000
703.658000
703.850000
704.001000
704.205000
704.398000
704.595000
704.799000
704.976000
705.250000
705.408000
705.459000
705.754000
706.048000
706.235000
706.447000
706.484000
706.713000
706.980000
707.269000
707.496000
707.661000
707.762000
707.986000
708.202000
708.425000
708.643000
708.894000
708.997000
709.195000
709.348000
709.537000
709.805000
710.016000
710.182000
710.364000
710.620000
710.836000
711.034000
711.200000
711.445000
711.619000
711.846000
712.017000
712.128000
712.380000
712.727000
712.879000
712.989000
713.228000
713.416000
713.514000
713.825000
714.102000
714.149000
714.376000
714.625000
714.871000
715.098000
715.246000
715.353000
715.611000
715.866000
716.093000
716.158000
716.428000
716.572000
716.815000
717.050000
717.200000
717.282000
717.579000
717.842000
718.063000
718.124000
718.396000
718.596000
718.787000
719.011000
719.280000
719.446000
719.544000
719.803000
719.996000
720.138000
720.428000
720.582000
720.775000
721.014000
721.220000
721.436000
721.662000
721.822000
722.096000
722.266000
722.416000
722.602000
722.767000
722.999000
723.185000
723.434000
723.617000
723.955000
724.085000
724.211000
724.391000
724.658000
724.834000
724.992000
725.231000
725.348000
725.564000
725.819000
726.019000
726.140000
726.377000
726.584000
726.752000
727.090000
727.191000
727.418000
727.545000
727.804000
728.041000
728.209000
728.374000
728.670000
728.757000
729.019000
729.184000
729.426000
729.550000
729.785000
730.001000
730.253000
730.383000
730.654000
730.914000
731.097000
731.200000
731.407000
731.663000
731.830000
732.013000
732.107000
732.408000
732.631000
732.825000
733.028000
733.264000
733.406000
733.633000
733.798000
734.070000
734.167000
734.465000
734.665000
734.875000
734.989000
735.151000
735.408000
735.622000
735.795000
736.056000
736.178000
736.448000
736.634000
736.775000
737.037000
737.268000
737.408000
737.568000
737.888000
738.042000
738.280000
738.447000
738.628000
738.777000
738.999000
739.196000
739.401000
739.633000
739.758000
740.023000
740.293000
740.453000
740.645000
740.853000
741.028000
741.188000
741.385000
741.662000
741.853000
742.065000
742.160000
742.420000
742.627000
742.863000
743.090000
743.145000
743.420000
743.551000
743.843000
744.022000
744.223000
744.395000
744.596000
744.757000
745.026000
745.208000
745.397000
745.586000
745.794000
745.974000
746.278000
746.432000
746.644000
746.810000
746.995000
747.209000
747.413000
747.507000
747.739000
747.956000
748.219000
748.446000
748.598000
748.780000
749.019000
749.267000
749.432000
749.679000
749.844000
750.021000
750.127000
750.396000
750.607000
750.846000
751.058000
751.136000
751.440000
751.555000
751.822000
751.998000
752.206000
752.415000
752.598000
752.810000
753.024000
753.269000
753.440000
753.568000
753.787000
753.987000
754.207000
754.448000
754.624000
754.777000
754.994000
755.204000
755.451000
755.558000
755.793000
755.985000
756.197000
756.448000
756.588000
756.870000
757.036000
757.168000
757.380000
757.638000
757.860000
757.988000
758.222000
758.368000
758.594000
758.848000
758.994000
759.263000
759.440000
759.664000
759.771000
760.025000
760.318000
760.504000
760.617000
760.743000
760.940000
761.229000
761.497000
761.575000
761.759000
762.037000
762.197000
762.392000
762.629000
762.768000
763.101000
763.237000
763.393000
763.544000
763.768000
764.036000
764.283000
764.389000
764.619000
764.805000
765.019000
765.269000
765.472000
765.556000
765.835000
765.985000
766.153000
766.405000
766.558000
766.810000
767.058000
767.287000
767.394000
767.635000
767.765000
768.003000
768.215000
768.438000
768.646000
768.774000
768.993000
769.221000
769.527000
769.622000
769.806000
770.032000
770.223000
770.412000
770.616000
770.802000
771.044000
771.272000
771.464000
771.673000
771.758000
772.057000
772.239000
772.411000
772.557000
772.849000
773.061000
773.137000
773.454000
773.538000
773.721000
774.016000
774.296000
774.362000
774.586000
774.825000
775.049000
775.209000
775.396000
775.643000
775.847000
775.924000
776.276000
776.439000
776.589000
776.764000
777.011000
777.248000
777.424000
777.587000
777.886000
777.909000
778.174000
778.362000
778.539000
778.765000
778.967000
779.201000
779.342000
779.614000
779.750000
779.981000
780.245000
780.383000
780.585000
780.780000
780.997000
781.262000
781.432000
781.647000
781.839000
782.060000
782.270000
782.385000
782.619000
782.831000
782.974000
783.194000
783.457000
783.603000
783.832000
784.031000
784.181000
784.391000
784.654000
784.773000
785.015000
785.068000
785.348000
785.638000
785.837000
786.075000
786.277000
786.383000
786.566000
786.882000
787.037000
787.115000
787.481000
787.577000
787.777000
788.018000
788.138000
788.345000
788.610000
788.772000
788.978000
789.268000
789.465000
789.542000
789.761000
789.954000
790.206000
790.373000
790.630000
790.822000
791.007000
791.255000
791.404000
791.564000
791.841000
792.045000
792.132000
792.400000
792.630000
792.828000
792.976000
793.271000
793.475000
793.543000
793.683000
793.938000
794.227000
794.518000
794.590000
794.821000
795.000000
795.207000
795.438000
795.524000
795.806000
796.056000
796.275000
796.251000
796.572000
796.801000
797.018000
797.184000
797.325000
797.560000
797.831000
797.981000
798.202000
798.393000
798.496000
798.831000
799.037000
799.157000
799.455000
799.547000
799.863000
800.026000
800.244000
800.328000
800.533000
800.877000
801.120000
801.207000
801.403000
801.541000
801.863000
802.011000
802.214000
802.400000
802.642000
802.857000
803.021000
803.255000
803.378000
803.590000
803.767000
804.033000
804.269000
804.352000
804.537000
804.788000
805.016000
805.159000
805.415000
805.591000
805.771000
806.002000
806.250000
806.450000
806.626000
806.899000
807.016000
807.043000
807.435000
807.620000
807.843000
807.861000
808.181000
808.388000
808.534000
808.790000
809.068000
809.193000
809.444000
809.523000
809.780000
810.061000
810.199000
810.429000
810.602000
810.746000
811.026000
811.297000
811.416000
811.580000
811.745000
811.950000
812.127000
812.422000
812.597000
812.890000
813.024000
813.145000
813.468000
813.580000
813.810000
813.998000
814.080000
814.401000
814.669000
814.764000
814.950000
815.081000
815.436000
815.633000
815.867000
815.992000
816.173000
816.319000
816.536000
816.879000
817.025000
817.172000
817.406000
817.576000
817.845000
817.976000
818.191000
818.338000
818.562000
818.827000
819.019000
819.139000
819.423000
819.659000
819.789000
820.043000
820.207000
820.406000
820.524000
820.710000
821.039000
821.190000
821.412000
821.560000
821.767000
822.002000
822.197000
822.465000
822.627000
822.814000
823.107000
823.137000
823.309000
823.583000
823.894000
824.040000
824.196000
824.346000
824.549000
824.817000
825.063000
825.243000
825.444000
825.581000
825.881000
826.007000
826.220000
826.411000
826.622000
826.864000
827.000000
827.275000
827.358000
827.491000
827.778000
828.007000
828.230000
828.431000
828.596000
828.772000
829.129000
829.198000
829.345000
829.591000
829.798000
830.034000
830.215000
830.453000
830.570000
830.850000
831.004000
831.255000
831.455000
831.742000
831.850000
832.023000
832.209000
832.403000
832.624000
832.773000
833.049000
833.223000
833.381000
833.522000
833.808000
834.059000
834.202000
834.320000
834.582000
834.820000
835.012000
835.214000
835.473000
835.538000
835.742000
836.012000
836.132000
836.448000
836.631000
836.804000
836.978000
837.256000
837.511000
837.642000
837.747000
838.025000
838.179000
838.366000
838.668000
838.836000
838.995000
839.139000
839.343000
839.547000
839.874000
840.018000
840.193000
840.374000
840.646000
840.730000
841.021000
841.204000
841.417000
841.642000
841.798000
841.940000
842.209000
842.421000
842.547000
842.821000
843.068000
843.284000
843.392000
843.537000
843.793000
843.997000
844.233000
844.399000
844.601000
844.809000
845.015000
845.313000
845.441000
845.630000
845.864000
846.040000
846.208000
846.448000
846.637000
846.719000
846.977000
847.194000
847.427000
847.611000
847.834000
847.989000
848.167000
848.286000
848.641000
848.773000
848.951000
849.186000
849.414000
849.658000
849.887000
849.999000
850.153000
850.417000
850.701000
850.774000
851.035000
851.192000
851.354000
851.518000
851.809000
851.966000
852.223000
852.475000
852.685000
852.847000
852.976000
853.264000
853.452000
853.588000
853.812000
853.994000
854.236000
854.418000
854.641000
854.839000
855.006000
855.165000
855.429000
855.562000
855.823000
856.023000
856.312000
856.322000
856.683000
856.857000
856.993000
857.198000
857.373000
857.626000
857.860000
857.942000
858.187000
858.421000
858.576000
858.845000
858.996000
859.194000
859.399000
859.596000
859.832000
859.963000
860.238000
860.377000
860.636000
860.848000
861.032000
861.140000
861.368000
861.616000
861.804000
861.993000
862.230000
862.409000
862.672000
862.806000
862.971000
863.196000
863.429000
863.642000
863.724000
863.917000
864.187000
864.494000
864.667000
864.860000
865.035000
865.055000
865.410000
865.621000
865.829000
866.036000
866.208000
866.411000
866.585000
866.753000
867.094000
867.248000
867.426000
867.593000
867.827000
868.080000
868.277000
868.435000
868.566000
868.806000
869.061000
869.283000
869.425000
869.620000
869.791000
869.924000
870.199000
870.349000
870.638000
870.838000
871.053000
871.222000
871.487000
871.591000
871.691000
872.006000
872.244000
872.401000
872.720000
872.738000
872.955000
873.182000
873.445000
873.617000
873.782000
874.010000
874.145000
874.428000
874.630000
874.792000
875.080000
875.217000
875.394000
875.646000
875.720000
876.016000
876.186000
876.381000
876.609000
876.858000
876.961000
877.189000
877.330000
877.665000
877.804000
878.002000
878.160000
878.407000
878.572000
878.769000
879.009000
879.256000
879.407000
879.615000
879.712000
880.028000
880.183000
880.415000
880.645000
880.798000
881.027000
881.212000
881.379000
881.556000
881.848000
882.007000
882.262000
882.365000
882.617000
882.850000
883.060000
883.174000
883.471000
883.645000
883.718000
883.984000
884.141000
884.425000
884.636000
884.846000
884.971000
885.247000
885.419000
885.693000
885.856000
886.019000
886.128000
886.418000
886.687000
886.797000
887.004000
887.181000
887.416000
887.605000
887.834000
887.992000
888.284000
888.428000
888.597000
888.812000
889.033000
889.251000
889.392000
889.607000
889.830000
890.048000
890.238000
890.405000
890.666000
890.852000
890.947000
891.212000
891.383000
891.605000
891.787000
891.966000
892.236000
892.395000
892.599000
892.781000
893.007000
893.222000
893.359000
893.588000
893.729000
893.983000
894.215000
894.460000
894.643000
894.771000
894.988000
895.146000
895.460000
895.578000
895.727000
895.982000
896.142000
896.410000
896.589000
896.778000
897.052000
897.146000
897.461000
897.611000
897.782000
898.012000
898.250000
898.334000
898.662000
898.838000
899.059000
899.160000
899.378000
899.593000
899.846000
900.022000
900.196000
900.373000
900.555000
900.859000
901.027000
901.237000
901.415000
901.581000
901.749000
902.002000
902.168000
902.384000
902.592000
902.843000
902.990000
903.103000
903.381000
903.533000
903.820000
903.968000
904.194000
904.415000
904.662000
904.864000
905.014000
905.179000
905.443000
905.608000
905.889000
906.007000
906.200000
906.400000
906.599000
906.845000
906.975000
907.159000
907.316000
907.646000
907.868000
908.100000
908.219000
908.382000
908.613000
908.772000
909.055000
909.254000
909.420000
909.594000
909.772000
910.023000
910.233000
910.411000
910.538000
910.789000
911.058000
911.177000
911.419000
911.659000
911.851000
912.043000
912.241000
912.407000
912.598000
912.887000
913.011000
913.048000
913.288000
913.559000
913.786000
913.985000
914.187000
914.437000
914.657000
914.843000
915.044000
915.155000
915.377000
915.549000
915.766000
916.048000
916.229000
916.412000
916.457000
916.791000
917.023000
917.294000
917.465000
917.561000
917.817000
918.019000
918.221000
918.388000
918.472000
918.737000
918.964000
919.258000
919.442000
919.520000
919.747000
920.092000
920.298000
920.455000
920.587000
920.679000
921.002000
921.143000
921.475000
921.545000
921.696000
921.986000
922.148000
922.499000
922.513000
922.767000
923.009000
923.148000
923.423000
923.675000
923.796000
923.915000
924.168000
924.401000
924.571000
924.841000
924.976000
925.166000
925.439000
925.659000
925.813000
926.079000
926.089000
926.362000
926.579000
926.813000
926.974000
927.241000
927.379000
927.655000
927.845000
928.022000
928.125000
928.426000
928.569000
928.869000
929.005000
929.233000
929.465000
929.670000
929.849000
930.072000
930.185000
930.364000
930.559000
930.835000
931.036000
931.213000
931.443000
931.540000
931.792000
932.011000
932.204000
932.465000
932.551000
932.774000
933.068000
933.248000
933.390000
933.570000
933.720000
933.959000
934.236000
934.427000
934.561000
934.818000
934.958000
935.268000
935.421000
935.627000
935.759000
936.083000
936.189000
936.437000
936.692000
936.866000
936.986000
937.102000
937.414000
937.548000
937.711000
937.978000
938.188000
938.339000
938.611000
938.910000
939.021000
939.149000
939.441000
939.608000
939.847000
940.017000
940.244000
940.419000
940.611000
940.852000
941.004000
941.271000
941.483000
941.601000
941.818000
941.985000
942.187000
942.376000
942.642000
942.822000
943.016000
943.237000
943.394000
943.708000
943.792000
944.051000
944.219000
944.411000
944.564000
944.854000
944.950000
945.171000
945.437000
945.612000
945.696000
946.066000
946.257000
946.325000
946.593000
946.809000
947.030000
947.187000
947.389000
947.539000
947.780000
948.077000
948.259000
948.405000
948.617000
948.763000
948.952000
949.300000
949.436000
949.692000
949.813000
949.975000
950.122000
950.506000
950.674000
950.798000
951.009000
951.148000
951.391000
951.486000
951.757000
951.945000
952.072000
952.380000
952.557000
952.891000
953.029000
953.165000
953.408000
953.713000
953.786000
953.991000
954.192000
954.410000
954.681000
954.915000
955.036000
955.275000
955.327000
955.577000
955.866000
955.964000
956.136000
956.363000
956.569000
956.677000
957.053000
957.213000
957.461000
957.661000
957.794000
957.981000
958.272000
958.399000
958.593000
958.834000
958.976000
959.189000
959.451000
959.624000
959.785000
959.988000
960.147000
960.437000
960.643000
960.795000
961.041000
961.302000
961.447000
961.665000
961.784000
961.944000
962.210000
962.433000
962.590000
962.703000
963.089000
963.169000
963.452000
963.513000
963.810000
964.018000
964.199000
964.439000
964.637000
964.760000
964.940000
965.241000
965.422000
965.632000
965.851000
965.921000
966.239000
966.401000
966.554000
966.824000
967.031000
967.232000
967.419000
967.577000
967.783000
968.084000
968.298000
968.396000
968.539000
968.805000
969.080000
969.229000
969.455000
969.608000
969.762000
969.979000
970.121000
970.477000
970.631000
970.749000
970.981000
971.329000
971.449000
971.595000
971.817000
971.996000
972.223000
972.426000
972.642000
972.876000
972.932000
973.209000
973.416000
973.623000
973.821000
974.004000
974.203000
974.327000
974.603000
974.833000
974.932000
975.235000
975.445000
975.623000
975.885000
976.078000
976.260000
976.349000
976.700000
976.819000
977.036000
977.168000
977.340000
977.568000
977.802000
978.029000
978.135000
978.434000
978.641000
978.822000
979.031000
979.131000
979.381000
979.614000
979.783000
980.032000
980.193000
980.440000
980.592000
980.775000
980.961000
981.192000
981.363000
981.606000
981.772000
982.036000
982.279000
982.436000
982.609000
982.812000
982.976000
983.205000
983.367000
983.666000
983.830000
984.008000
984.197000
984.398000
984.627000
984.831000
985.040000
985.228000
985.434000
985.628000
985.861000
986.037000
986.215000
986.408000
986.626000
986.816000
986.986000
987.262000
987.396000
987.569000
987.764000
988.062000
988.164000
988.380000
988.633000
988.867000
989.045000
989.155000
989.459000
989.547000
989.872000
990.057000
990.206000
990.286000
990.598000
990.848000
991.047000
991.196000
991.457000
991.599000
991.803000
991.950000
992.219000
992.392000
992.621000
992.867000
993.042000
993.213000
993.402000
993.625000
993.846000
994.007000
994.193000
994.367000
994.660000
994.783000
995.025000
995.263000
995.327000
995.637000
995.809000
995.921000
996.201000
996.432000
996.617000
996.821000
997.005000
997.256000
997.491000
997.609000
997.804000
998.002000
998.153000
998.385000
998.599000
998.849000
999.054000
999.250000
999.396000
999.628000
999.812000
1000.010000
1000.230000
1000.440000
1000.670000
1000.780000
1001.010000
1001.230000
1001.460000
1001.640000
1001.730000
1001.980000
1002.200000
1002.430000
1002.640000
1002.780000
1002.840000
1003.220000
1003.360000
1003.610000
1003.770000
1004.070000
1004.250000
1004.450000
1004.660000
1004.830000
1004.980000
1005.240000
1005.400000
1005.640000
1005.780000
1005.940000
1006.180000
1006.400000
1006.630000
1006.860000
1006.950000
1007.090000
1007.390000
1007.570000
1007.760000
1008.010000
1008.170000
1008.400000
1008.560000
1008.870000
1009.080000
1009.110000
1009.390000
1009.560000
1009.890000
1010.000000
1010.190000
1010.420000
1010.670000
1010.810000
1011.070000
1011.250000
1011.400000
1011.660000
1011.870000
1012.010000
1012.120000
1012.420000
1012.600000
1012.770000
1012.990000
1013.180000
1013.450000
1013.510000
1013.830000
1014.030000
1014.260000
1014.390000
1014.610000
1014.760000
1014.990000
1015.250000
1015.460000
1015.630000
1015.850000
1016.020000
1016.190000
1016.420000
1016.610000
1016.840000
1017.060000
1017.130000
1017.380000
1017.640000
1017.850000
1018.040000
1018.220000
1018.340000
1018.670000
1018.850000
1018.980000
1019.180000
1019.300000
1019.620000
1019.730000
1019.980000
1020.290000
1020.410000
1020.650000
1020.810000
1021.020000
1021.190000
1021.400000
1021.630000
1021.800000
1021.990000
1022.220000
1022.430000
1022.610000
1022.820000
1023.060000
1023.290000
1023.420000
1023.620000
1023.760000
1023.950000
1024.220000
1024.480000
1024.590000
1024.790000
1024.960000
1025.180000
1025.400000
1025.680000
1025.800000
1025.980000
1026.270000
1026.440000
1026.590000
1026.860000
1027.010000
1027.230000
1027.450000
1027.640000
1027.800000
1028.000000
1028.100000
1028.430000
1028.610000
1028.810000
1029.050000
1029.200000
1029.330000
1029.660000
1029.810000
1030.060000
1030.250000
1030.440000
1030.630000
1030.790000
1031.030000
1031.180000
1031.430000
1031.580000
1031.820000
1031.920000
1032.220000
1032.390000
1032.590000
1032.840000
1032.940000
1033.180000
1033.400000
1033.590000
1033.890000
1034.030000
1034.220000
1034.410000
1034.540000
1034.850000
1035.010000
1035.220000
1035.350000
1035.460000
1035.800000
1036.070000
1036.310000
1036.440000
1036.610000
1036.790000
1037.080000
1037.230000
1037.410000
1037.610000
1037.760000
1037.900000
1038.230000
1038.380000
1038.620000
1038.850000
1039.030000
1039.160000
1039.460000
1039.670000
1039.800000
1039.980000
1040.110000
1040.360000
1040.500000
1040.880000
1041.000000
1041.170000
1041.470000
1041.610000
1041.880000
1042.040000
1042.230000
1042.350000
1042.550000
1042.830000
1042.970000
1043.290000
1043.440000
1043.550000
1043.830000
1043.920000
1044.170000
1044.390000
1044.570000
1044.750000
1045.050000
1045.150000
1045.410000
1045.690000
1045.940000
1046.010000
1046.120000
1046.400000
1046.670000
1046.830000
1047.020000
1047.130000
1047.360000
1047.630000
1047.820000
1048.050000
