583.072000
583.305000
583.488000
583.691000
583.906000
584.108000
584.328000
584.452000
584.678000
584.908000
585.121000
585.323000
585.447000
585.733000
585.911000
586.048000
586.222000
586.492000
586.646000
586.904000
587.055000
587.244000
587.505000
587.672000
587.881000
588.215000
588.305000
588.396000
588.634000
588.866000
589.051000
589.289000
589.460000
589.600000
589.871000
590.056000
590.335000
590.491000
590.630000
590.882000
591.039000
591.219000
591.500000
591.655000
591.869000
592.072000
592.268000
592.501000
592.688000
592.854000
593.032000
593.317000
593.510000
593.693000
593.876000
594.079000
594.323000
594.403000
594.693000
594.912000
595.068000
595.288000
595.465000
595.640000
595.964000
596.044000
596.240000
596.537000
596.683000
596.799000
597.055000
597.365000
597.456000
597.604000
597.840000
598.027000
598.251000
598.551000
598.679000
598.851000
598.989000
599.265000
599.510000
599.745000
599.938000
600.105000
600.305000
600.410000
600.632000
600.859000
601.096000
601.316000
601.463000
601.602000
601.842000
602.024000
602.300000
602.507000
602.724000
602.870000
603.079000
603.201000
603.511000
603.659000
603.880000
604.066000
604.204000
604.467000
604.703000
604.881000
605.016000
605.310000
605.539000
605.662000
605.972000
606.039000
606.338000
606.528000
606.691000
606.937000
607.049000
607.278000
607.538000
607.626000
607.880000
608.118000
608.258000
608.559000
608.740000
608.930000
609.003000
609.339000
609.493000
609.670000
609.883000
610.074000
610.290000
610.503000
610.662000
610.991000
611.073000
611.282000
611.397000
611.657000
611.854000
612.109000
612.258000
612.455000
612.642000
612.827000
612.999000
613.211000
613.504000
613.696000
613.877000
614.057000
614.285000
614.534000
614.661000
614.893000
615.030000
615.267000
615.519000
615.736000
615.973000
616.066000
616.255000
616.519000
616.698000
616.891000
617.162000
617.264000
617.470000
617.662000
617.867000
618.030000
618.241000
618.425000
618.679000
618.942000
619.020000
619.233000
619.457000
619.750000
619.853000
620.126000
620.267000
620.447000
620.686000
620.940000
621.123000
621.305000
621.439000
621.654000
621.815000
622.167000
622.307000
622.469000
622.677000
622.854000
623.099000
623.258000
623.444000
623.686000
623.876000
624.150000
624.292000
624.411000
624.636000
624.855000
625.089000
625.229000
625.454000
625.685000
625.899000
626.050000
626.288000
626.450000
626.732000
626.847000
627.045000
627.273000
627.430000
627.656000
627.865000
627.983000
628.315000
628.526000
628.719000
628.861000
629.091000
629.350000
629.408000
629.650000
629.850000
630.039000
630.268000
630.496000
630.663000
630.848000
631.058000
631.270000
631.450000
631.658000
631.917000
632.030000
632.208000
632.444000
632.695000
632.807000
633.061000
633.283000
633.513000
633.697000
633.785000
634.158000
634.251000
634.489000
634.657000
634.851000
635.138000
635.292000
635.419000
635.655000
635.879000
636.175000
636.413000
636.429000
636.625000
636.804000
637.033000
637.315000
637.535000
637.676000
637.897000
638.102000
638.279000
638.410000
638.711000
638.881000
639.141000
639.288000
639.428000
639.688000
639.912000
640.121000
640.327000
640.478000
640.620000
640.875000
641.106000
641.325000
641.535000
641.573000
641.917000
642.091000
642.288000
642.470000
642.659000
642.898000
643.091000
643.292000
643.480000
643.667000
643.916000
644.035000
644.188000
644.546000
644.664000
644.860000
645.107000
645.310000
645.446000
645.613000
645.818000
646.114000
646.272000
646.446000
646.608000
646.850000
647.075000
647.280000
647.383000
647.693000
647.919000
648.016000
648.273000
648.463000
648.586000
648.855000
649.095000
649.263000
649.518000
649.687000
649.810000
650.032000
650.294000
650.572000
650.685000
650.861000
651.041000
651.316000
651.477000
651.713000
651.885000
652.031000
652.190000
652.461000
652.819000
652.873000
653.024000
653.218000
653.507000
653.754000
653.887000
654.083000
654.284000
654.510000
654.626000
654.848000
655.069000
655.336000
655.493000
655.620000
655.942000
656.050000
656.297000
656.491000
656.692000
656.870000
657.005000
657.268000
657.442000
657.591000
657.919000
658.096000
658.257000
658.540000
658.752000
658.808000
659.114000
659.285000
659.446000
659.597000
659.835000
660.127000
660.379000
660.472000
660.649000
660.859000
661.072000
661.356000
661.495000
661.666000
661.833000
662.059000
662.261000
662.442000
662.768000
662.834000
662.989000
663.178000
663.473000
663.818000
663.870000
664.089000
664.200000
664.436000
664.630000
664.833000
665.065000
665.347000
665.462000
665.656000
665.887000
666.117000
666.294000
666.469000
666.547000
666.868000
667.067000
667.250000
667.563000
667.671000
667.863000
668.011000
668.293000
668.445000
668.659000
668.824000
669.026000
669.260000
669.423000
669.694000
669.870000
670.020000
670.249000
670.503000
670.672000
670.865000
671.059000
671.272000
671.476000
671.626000
671.856000
672.093000
672.345000
672.462000
672.709000
672.810000
673.044000
673.240000
673.528000
673.710000
673.896000
674.084000
674.334000
674.438000
674.718000
674.843000
675.039000
675.267000
675.483000
675.635000
675.900000
676.103000
676.300000
676.412000
676.688000
676.927000
677.065000
677.219000
677.474000
677.661000
677.890000
678.102000
678.281000
678.461000
678.664000
678.866000
679.080000
679.219000
679.428000
679.682000
679.813000
679.991000
680.289000
680.517000
680.619000
680.937000
681.083000
681.272000
681.365000
681.665000
681.822000
682.066000
682.230000
682.455000
682.676000
682.873000
683.163000
683.310000
683.507000
683.686000
683.952000
684.052000
684.220000
684.456000
684.774000
684.899000
685.047000
685.216000
685.464000
685.735000
685.822000
686.092000
686.240000
686.494000
686.683000
686.893000
687.020000
687.248000
687.543000
687.651000
687.907000
688.042000
688.274000
688.497000
688.646000
688.876000
689.008000
689.217000
689.492000
689.724000
689.835000
690.081000
690.263000
690.442000
690.669000
690.879000
691.108000
691.329000
691.512000
691.691000
691.822000
691.997000
692.297000
692.538000
692.693000
692.924000
693.079000
693.334000
693.496000
693.702000
693.941000
694.178000
694.354000
694.422000
694.626000
694.857000
695.105000
695.248000
695.523000
695.671000
695.819000
696.046000
696.293000
696.460000
696.619000
696.974000
697.067000
697.284000
697.450000
697.752000
697.868000
698.062000
698.315000
698.444000
698.718000
698.865000
699.116000
699.318000
699.398000
699.659000
699.865000
700.105000
700.239000
700.427000
700.628000
700.850000
701.072000
701.293000
701.421000
701.679000
701.789000
702.133000
702.311000
702.463000
702.684000
702.904000
703.093000
703.259000
703.451000
703.620000
703.913000
704.112000
704.263000
704.485000
704.639000
704.841000
705.096000
705.272000
705.424000
705.755000
705.838000
706.076000
706.202000
706.466000
706.674000
706.917000
707.035000
707.259000
707.406000
707.655000
707.892000
708.174000
708.254000
708.443000
708.735000
708.948000
709.072000
709.264000
709.441000
709.605000
709.876000
710.068000
710.211000
710.557000
710.642000
710.835000
711.001000
711.284000
711.406000
711.602000
711.910000
712.039000
712.325000
712.424000
712.733000
712.934000
713.081000
713.251000
713.483000
713.633000
713.915000
714.068000
714.300000
714.501000
714.667000
714.864000
715.065000
715.268000
715.536000
715.651000
715.879000
716.020000
716.311000
716.558000
716.713000
716.861000
717.064000
717.305000
717.516000
717.650000
717.868000
718.063000
718.239000
718.452000
718.657000
718.862000
719.067000
719.267000
719.431000
719.773000
719.956000
720.117000
720.298000
720.444000
720.697000
720.873000
721.151000
721.162000
721.429000
721.655000
721.837000
722.122000
722.337000
722.459000
722.607000
722.856000
723.094000
723.321000
723.499000
723.638000
723.829000
724.041000
724.302000
724.455000
724.641000
724.797000
725.113000
725.398000
725.552000
725.653000
725.801000
726.039000
726.352000
726.472000
726.711000
726.921000
727.004000
727.284000
727.540000
727.752000
727.862000
728.101000
728.235000
728.485000
728.643000
728.855000
729.039000
729.288000
729.456000
729.608000
729.882000
730.078000
730.233000
730.521000
730.656000
730.870000
731.124000
731.270000
731.441000
731.604000
731.843000
732.090000
732.309000
732.509000
732.710000
732.869000
733.032000
733.218000
733.445000
733.733000
733.883000
734.061000
734.296000
734.446000
734.685000
734.908000
735.098000
735.332000
735.444000
735.679000
735.920000
736.124000
736.347000
736.546000
736.598000
736.893000
737.019000
737.272000
737.467000
737.640000
737.861000
738.124000
738.230000
738.415000
738.612000
738.895000
739.058000
739.318000
739.467000
739.651000
739.934000
740.069000
740.289000
740.445000
740.660000
740.899000
741.074000
741.206000
741.478000
741.652000
741.895000
742.065000
742.331000
742.508000
742.695000
742.862000
743.042000
743.389000
743.500000
743.743000
743.740000
744.058000
744.269000
744.518000
744.783000
744.794000
745.037000
745.282000
745.527000
745.714000
745.864000
746.056000
746.199000
746.501000
746.765000
746.946000
747.052000
747.270000
747.418000
747.674000
747.868000
748.129000
748.339000
748.507000
748.613000
748.863000
749.153000
749.343000
749.455000
749.647000
749.821000
750.125000
750.332000
750.461000
750.692000
750.846000
751.072000
751.255000
751.506000
751.659000
751.858000
752.124000
752.257000
752.492000
752.633000
752.885000
753.059000
753.371000
753.471000
753.709000
753.879000
754.085000
754.321000
754.519000
754.670000
754.916000
755.030000
755.236000
755.528000
755.730000
755.897000
756.082000
756.262000
756.481000
756.693000
756.849000
757.019000
757.290000
757.499000
757.674000
757.862000
758.111000
758.248000
758.444000
758.725000
758.870000
759.032000
759.222000
759.559000
759.685000
759.892000
760.064000
760.295000
760.484000
760.742000
760.864000
761.094000
761.294000
761.504000
761.672000
761.901000
762.061000
762.235000
762.520000
762.662000
762.885000
763.100000
763.248000
763.487000
763.737000
763.900000
764.093000
764.269000
764.422000
764.729000
764.930000
765.056000
765.262000
765.570000
765.727000
765.913000
766.117000
766.328000
766.530000
766.626000
766.829000
767.080000
767.302000
767.551000
767.714000
767.875000
768.059000
768.289000
768.484000
768.655000
768.882000
769.112000
769.263000
769.490000
769.694000
769.831000
769.986000
770.314000
770.463000
770.729000
770.805000
771.122000
771.327000
771.459000
771.682000
771.860000
772.046000
772.222000
772.501000
772.726000
772.889000
773.104000
773.207000
773.491000
773.661000
773.900000
774.078000
774.314000
774.452000
774.677000
774.924000
775.030000
775.231000
775.416000
775.680000
775.873000
776.145000
776.234000
776.515000
776.702000
776.884000
777.080000
777.335000
777.506000
777.694000
777.797000
778.018000
778.273000
778.587000
778.675000
778.852000
779.090000
779.295000
779.474000
779.682000
779.928000
780.025000
780.297000
780.463000
780.771000
780.892000
781.120000
781.261000
781.473000
781.696000
781.876000
782.087000
782.292000
782.449000
782.685000
782.883000
783.001000
783.207000
783.429000
783.631000
783.936000
784.054000
784.244000
784.491000
784.709000
784.838000
784.994000
785.192000
785.453000
785.693000
785.904000
786.016000
786.267000
786.461000
786.693000
786.882000
787.103000
787.228000
787.352000
787.700000
787.908000
788.127000
788.267000
788.462000
788.714000
788.950000
789.117000
789.309000
789.537000
789.668000
789.845000
790.008000
790.207000
790.491000
790.583000
790.854000
791.130000
791.363000
791.488000
791.590000
791.838000
792.102000
792.282000
792.487000
792.677000
792.827000
793.061000
793.234000
793.445000
793.655000
793.816000
794.055000
794.274000
794.544000
794.704000
794.954000
795.018000
795.241000
795.510000
795.725000
795.894000
796.095000
796.314000
796.433000
796.703000
796.922000
797.096000
797.246000
797.477000
797.670000
797.905000
798.024000
798.232000
798.408000
798.666000
798.917000
799.042000
799.295000
799.468000
799.688000
799.873000
800.074000
800.240000
800.417000
800.721000
800.871000
801.139000
801.322000
801.447000
801.711000
801.904000
802.077000
802.291000
802.451000
802.630000
802.894000
803.059000
803.303000
803.496000
803.618000
803.789000
804.061000
804.308000
804.480000
804.669000
804.894000
805.135000
805.255000
805.516000
805.694000
805.928000
806.050000
806.227000
806.500000
806.703000
806.931000
807.148000
807.270000
807.420000
807.646000
808.029000
808.100000
808.280000
808.485000
808.643000
808.853000
809.078000
809.282000
809.514000
809.689000
809.864000
810.139000
810.362000
810.474000
810.610000
810.813000
811.115000
811.334000
811.591000
811.646000
811.881000
812.066000
812.264000
812.489000
812.659000
812.885000
813.084000
813.303000
813.509000
813.664000
813.792000
814.028000
814.287000
814.458000
814.711000
814.843000
815.061000
815.244000
815.413000
815.653000
815.792000
816.120000
816.266000
816.512000
816.598000
816.806000
816.992000
817.281000
817.566000
817.673000
817.887000
817.969000
818.291000
818.518000
818.734000
818.862000
819.035000
819.256000
819.470000
819.650000
819.867000
820.049000
820.317000
820.470000
820.667000
820.872000
821.155000
821.305000
821.436000
821.643000
821.909000
822.052000
822.270000
822.488000
822.668000
822.904000
823.114000
823.212000
823.510000
823.608000
823.799000
824.107000
824.280000
824.449000
824.707000
824.789000
825.064000
825.251000
825.445000
825.584000
825.875000
826.082000
826.276000
826.441000
826.665000
826.858000
827.082000
827.389000
827.453000
827.681000
827.958000
828.119000
828.221000
828.449000
828.688000
828.847000
829.107000
829.251000
829.452000
829.681000
829.923000
830.079000
830.274000
830.501000
830.681000
830.916000
831.048000
831.235000
831.439000
831.649000
831.889000
832.045000
832.237000
832.476000
832.691000
832.895000
833.086000
833.250000
833.488000
833.751000
833.861000
834.125000
834.328000
834.394000
834.655000
834.851000
835.088000
835.298000
835.482000
835.689000
835.884000
836.052000
836.282000
836.447000
836.700000
836.852000
837.102000
837.245000
837.441000
837.694000
837.904000
838.063000
838.261000
838.477000
838.646000
838.896000
839.043000
839.249000
839.433000
839.603000
839.866000
840.090000
840.253000
840.551000
840.727000
840.805000
841.004000
841.276000
841.447000
841.624000
841.870000
842.076000
842.259000
842.481000
842.677000
842.918000
843.018000
843.205000
843.535000
843.630000
843.859000
844.046000
844.382000
844.439000
844.631000
844.868000
845.108000
845.282000
845.448000
845.699000
845.885000
846.065000
846.221000
846.503000
846.639000
846.917000
847.036000
847.379000
847.482000
847.702000
847.862000
847.975000
848.250000
848.470000
848.707000
848.902000
849.083000
849.238000
849.488000
849.665000
849.954000
850.125000
850.340000
850.440000
850.723000
850.923000
851.023000
851.254000
851.532000
851.729000
851.860000
852.019000
852.295000
852.404000
852.703000
852.888000
853.134000
853.258000
853.441000
853.689000
853.887000
854.031000
854.315000
854.465000
854.671000
854.897000
855.056000
855.247000
855.511000
855.645000
855.892000
856.064000
856.325000
856.534000
856.686000
856.835000
857.017000
857.309000
857.598000
857.628000
857.887000
858.122000
858.252000
858.519000
858.644000
858.906000
859.129000
859.255000
859.509000
859.679000
859.877000
860.116000
860.352000
860.451000
860.627000
860.817000
861.090000
861.305000
861.522000
861.663000
861.831000
862.056000
862.317000
862.536000
862.666000
862.847000
863.102000
863.293000
863.554000
863.706000
863.873000
864.033000
864.301000
864.512000
864.670000
864.890000
865.092000
865.251000
865.444000
865.691000
865.947000
866.089000
866.221000
866.531000
866.642000
866.985000
867.050000
867.235000
867.447000
867.659000
867.926000
868.032000
868.269000
868.430000
868.672000
868.901000
869.022000
869.314000
869.526000
869.593000
869.854000
870.074000
870.328000
870.535000
870.653000
870.838000
871.065000
871.248000
871.479000
871.703000
871.864000
872.093000
872.219000
872.432000
872.705000
872.883000
873.092000
873.322000
873.473000
873.667000
873.844000
874.083000
874.291000
874.467000
874.663000
874.826000
875.086000
875.312000
875.453000
875.687000
875.828000
876.111000
876.313000
876.539000
876.660000
876.821000
877.002000
877.256000
877.475000
877.641000
877.893000
878.053000
878.245000
878.485000
878.707000
878.823000
879.087000
879.244000
879.447000
879.666000
879.905000
880.058000
880.293000
880.437000
880.655000
880.866000
881.084000
881.331000
881.487000
881.660000
881.838000
882.047000
882.244000
882.516000
882.651000
882.951000
883.056000
883.296000
883.488000
883.697000
883.947000
884.116000
884.257000
884.546000
884.603000
884.854000
885.049000
885.320000
885.541000
885.731000
885.814000
886.021000
886.238000
886.525000
886.715000
886.976000
887.146000
887.172000
887.411000
887.639000
887.885000
888.085000
888.303000
888.489000
888.737000
888.936000
889.090000
889.256000
889.426000
889.666000
889.875000
890.164000
890.310000
890.483000
890.656000
890.869000
891.122000
891.305000
891.468000
891.696000
891.838000
892.065000
892.276000
892.520000
892.750000
892.885000
893.027000
893.275000
893.484000
893.730000
893.870000
894.128000
894.208000
894.432000
894.645000
894.882000
895.107000
895.264000
895.393000
895.636000
895.841000
896.122000
896.239000
896.399000
896.672000
896.872000
897.115000
897.318000
897.418000
897.630000
897.829000
898.140000
898.350000
898.471000
898.678000
898.902000
899.090000
899.242000
899.560000
899.678000
899.876000
900.077000
900.394000
900.539000
900.679000
900.804000
901.063000
901.289000
901.528000
901.760000
901.842000
902.006000
902.332000
902.434000
902.677000
902.847000
903.080000
903.252000
903.494000
903.686000
903.867000
903.997000
904.276000
904.482000
904.738000
904.939000
905.111000
905.244000
905.389000
905.716000
905.911000
906.113000
906.211000
906.479000
906.660000
906.910000
907.056000
907.204000
907.458000
907.687000
907.945000
908.051000
908.259000
908.411000
908.602000
908.892000
909.084000
909.343000
909.486000
909.613000
909.811000
910.113000
910.241000
910.446000
910.700000
910.894000
911.018000
911.253000
911.471000
911.673000
911.827000
912.056000
912.252000
912.468000
912.798000
912.843000
913.052000
913.280000
913.484000
913.754000
913.824000
914.067000
914.326000
914.492000
914.657000
914.889000
915.112000
915.285000
915.435000
915.779000
915.938000
916.060000
916.279000
916.445000
916.656000
916.957000
917.120000
917.275000
917.439000
917.651000
917.857000
918.121000
918.281000
918.455000
918.660000
918.842000
919.043000
919.298000
919.541000
919.772000
919.865000
920.055000
920.234000
920.533000
920.735000
920.871000
921.052000
921.279000
921.462000
921.793000
921.950000
921.970000
922.309000
922.498000
922.690000
922.895000
923.078000
923.316000
923.486000
923.675000
923.825000
924.011000
924.327000
924.518000
924.625000
924.824000
925.063000
925.302000
925.559000
925.678000
925.885000
926.062000
926.245000
926.469000
926.652000
926.960000
927.066000
927.255000
927.585000
927.697000
927.798000
928.096000
928.321000
928.469000
928.732000
928.866000
929.118000
929.208000
929.503000
929.711000
929.931000
930.061000
930.238000
930.500000
930.720000
930.861000
930.989000
931.264000
931.497000
931.728000
931.863000
932.107000
932.239000
932.486000
932.665000
932.926000
933.024000
933.228000
933.483000
933.735000
933.891000
934.011000
934.354000
934.493000
934.727000
934.874000
935.078000
935.270000
935.517000
935.662000
935.797000
936.040000
936.310000
936.398000
936.675000
936.867000
937.090000
937.255000
937.421000
937.765000
937.871000
938.132000
938.300000
938.478000
938.683000
938.924000
939.110000
939.299000
939.461000
939.677000
939.924000
940.130000
940.277000
940.485000
940.694000
940.870000
941.067000
941.263000
941.399000
941.740000
941.943000
942.038000
942.286000
942.547000
942.716000
942.829000
943.013000
943.265000
943.520000
943.657000
943.837000
944.041000
944.280000
944.413000
944.611000
944.905000
945.103000
945.302000
945.502000
945.730000
945.902000
946.050000
946.309000
946.549000
946.743000
946.922000
947.074000
947.331000
947.584000
947.711000
947.899000
948.065000
948.315000
948.571000
948.694000
948.901000
949.067000
949.305000
949.442000
949.661000
949.821000
950.108000
950.300000
950.473000
950.705000
950.849000
951.066000
951.310000
951.502000
951.659000
951.891000
952.082000
952.258000
952.551000
952.724000
952.870000
953.079000
953.244000
953.475000
953.627000
953.866000
954.032000
954.243000
954.467000
954.697000
954.928000
955.037000
955.227000
955.418000
955.701000
955.913000
956.094000
956.267000
956.450000
956.728000
956.854000
957.042000
957.230000
957.504000
957.642000
957.901000
958.090000
958.279000
958.454000
958.614000
958.905000
959.126000
959.246000
959.515000
959.612000
959.873000
960.081000
960.257000
960.484000
960.655000
960.842000
961.004000
961.299000
961.507000
961.666000
961.883000
962.143000
962.274000
962.443000
962.674000
962.854000
963.115000
963.283000
963.514000
963.712000
963.903000
964.039000
964.215000
964.448000
964.677000
964.890000
965.005000
965.268000
965.457000
965.622000
965.889000
966.096000
966.223000
966.428000
966.739000
966.891000
967.102000
967.287000
967.488000
967.668000
967.897000
968.092000
968.240000
968.447000
968.652000
968.919000
969.052000
969.280000
969.445000
969.639000
969.905000
970.093000
970.283000
970.489000
970.669000
970.908000
971.088000
971.244000
971.470000
971.686000
971.836000
972.064000
972.252000
972.455000
972.752000
972.880000
973.145000
973.246000
973.490000
973.710000
973.873000
974.147000
974.192000
974.484000
974.719000
974.882000
975.037000
975.238000
975.517000
975.743000
975.955000
976.087000
976.253000
976.505000
976.696000
976.896000
977.048000
977.280000
977.482000
977.647000
977.867000
978.138000
978.250000
978.448000
978.671000
978.841000
979.091000
979.264000
979.484000
979.603000
979.876000
980.065000
980.293000
980.444000
980.618000
980.835000
981.111000
981.261000
981.419000
981.675000
981.867000
982.037000
982.324000
982.453000
982.662000
982.896000
983.111000
983.302000
983.353000
983.612000
983.900000
984.096000
984.301000
984.515000
984.611000
984.898000
985.164000
985.222000
985.417000
985.678000
985.831000
986.093000
986.359000
986.487000
986.699000
986.840000
987.054000
987.257000
987.475000
987.651000
987.929000
988.078000
988.254000
988.480000
988.629000
988.836000
989.103000
989.232000
989.522000
989.733000
989.872000
990.121000
990.297000
990.417000
990.647000
990.946000
991.154000
991.298000
991.407000
991.706000
991.856000
992.074000
992.228000
992.535000
992.666000
992.901000
993.095000
993.256000
993.399000
993.616000
993.889000
994.123000
994.291000
994.415000
994.616000
994.878000
995.108000
995.288000
995.494000
995.765000
995.835000
996.071000
996.235000
996.464000
996.635000
996.810000
997.036000
997.329000
997.581000
997.653000
997.829000
997.963000
998.338000
998.554000
998.661000
998.830000
998.997000
999.203000
999.471000
999.708000
999.817000
1000.000000
1000.250000
1000.400000
1000.680000
1000.840000
1001.070000
1001.260000
1001.460000
1001.640000
1001.850000
1002.120000
1002.230000
1002.450000
1002.670000
1002.840000
1003.060000
1003.290000
1003.520000
1003.690000
1003.870000
1004.090000
1004.240000
1004.510000
1004.690000
1004.930000
1005.110000
1005.270000
1005.470000
1005.640000
1005.860000
1006.050000
1006.270000
1006.430000
1006.700000
1006.890000
1007.110000
1007.270000
1007.590000
1007.620000
1007.950000
1008.080000
1008.260000
1008.550000
1008.690000
1008.860000
1009.070000
1009.290000
1009.510000
1009.690000
1009.850000
1010.150000
1010.270000
1010.470000
1010.710000
1010.960000
1011.070000
1011.290000
1011.470000
1011.630000
1011.870000
1012.120000
1012.250000
1012.470000
1012.630000
1012.870000
1013.120000
1013.240000
1013.450000
1013.710000
1013.960000
1014.080000
1014.260000
1014.410000
1014.640000
1014.950000
1015.110000
1015.300000
1015.490000
1015.630000
1015.850000
1016.090000
1016.370000
1016.470000
1016.710000
1016.860000
1017.080000
1017.280000
1017.500000
1017.670000
1017.890000
1018.150000
1018.240000
1018.470000
1018.700000
1018.870000
1019.060000
1019.210000
1019.450000
1019.710000
1019.930000
1020.070000
1020.240000
1020.550000
1020.720000
1020.900000
1021.050000
1021.330000
1021.520000
1021.740000
1021.930000
1022.050000
1022.260000
1022.490000
1022.730000
1022.890000
1023.150000
1023.220000
1023.460000
1023.650000
1023.820000
1024.040000
1024.270000
1024.510000
1024.720000
1024.950000
1025.130000
1025.270000
1025.460000
1025.580000
1025.880000
1026.050000
1026.310000
1026.530000
1026.610000
1026.880000
1027.110000
1027.280000
1027.540000
1027.650000
1027.840000
1028.070000
1028.260000
1028.500000
1028.730000
1028.960000
1029.090000
1029.260000
1029.520000
1029.730000
1029.930000
1030.050000
1030.250000
1030.390000
1030.710000
1030.960000
1031.120000
1031.300000
1031.460000
1031.710000
1031.910000
1032.140000
1032.280000
1032.440000
1032.700000
1032.870000
1033.060000
1033.350000
1033.450000
1033.690000
1033.910000
1034.100000
1034.260000
1034.530000
1034.710000
1034.860000
1035.090000
1035.330000
1035.510000
1035.680000
1035.830000
1036.050000
1036.390000
1036.400000
1036.610000
1036.950000
1037.080000
1037.250000
1037.480000
1037.690000
1037.900000
1038.070000
1038.290000
1038.410000
1038.730000
1038.920000
1039.140000
1039.180000
1039.480000
1039.690000
1040.000000
1040.070000
1040.220000
1040.460000
1040.670000
1040.830000
1041.120000
1041.280000
1041.480000
1041.650000
1041.910000
1042.060000
1042.190000
1042.460000
1042.650000
1042.930000
1043.140000
1043.270000
1043.460000
1043.650000
1043.840000
1044.110000
1044.290000
1044.530000
1044.660000
1044.830000
1045.060000
1045.300000
1045.500000
1045.640000
1045.870000
1046.110000
1046.300000
1046.430000
1046.650000
1046.850000
1047.030000
1047.270000
1047.530000
1047.730000
1047.880000
1048.100000
1048.290000
1048.400000
1048.730000
1048.960000
1049.090000
1049.250000
1049.430000
1049.720000
1049.870000
1050.010000
1050.260000
1050.480000
1050.730000
1050.860000
1051.090000
1051.290000
1051.500000
1051.690000
1051.890000
1052.070000
1052.270000
1052.460000
1052.610000
1052.850000
1053.060000
1053.230000
1053.460000
1053.670000
1053.830000
1054.110000
1054.230000
1054.400000
1054.620000
1054.880000
1055.090000
1055.310000
1055.460000
1055.660000
1055.830000
1056.140000
1056.280000
1056.470000
1056.650000
1056.830000
1057.100000
1057.330000
1057.470000
1057.630000
1057.920000
1058.120000
1058.290000
1058.470000
1058.630000
1058.860000
1059.040000
1059.330000
1059.510000
1059.670000
1059.850000
1060.160000
1060.280000
1060.460000
1060.630000
1060.840000
1061.110000
1061.300000
1061.510000
1061.690000
1061.830000
1062.090000
1062.260000
1062.530000
1062.720000
1062.890000
1063.040000
1063.260000
1063.470000
1063.660000
1063.900000
1064.140000
1064.240000
1064.350000
1064.670000
1064.840000
1065.100000
1065.280000
1065.480000
1065.720000
1065.820000
1066.000000
1066.300000
1066.510000
1066.690000
1066.890000
1067.150000
1067.270000
1067.420000
1067.660000
1067.930000
1068.050000
1068.320000
1068.560000
1068.670000
1068.840000
1069.150000
1069.280000
1069.500000
1069.690000
1069.850000
1070.100000
1070.280000
1070.500000
1070.730000
1070.860000
1071.140000
1071.230000
1071.520000
1071.660000
1071.880000
1072.040000
1072.300000
1072.440000
1072.650000
1072.900000
1073.050000
1073.270000
1073.560000
1073.650000
1073.860000
1074.070000
1074.320000
1074.600000
1074.670000
1074.840000
1075.010000
1075.370000
1075.460000
1075.690000
1075.930000
1076.050000
1076.290000
1076.580000
1076.820000
1076.890000
1077.070000
1077.280000
1077.510000
1077.720000
1077.880000
1078.030000
1078.300000
1078.460000
1078.690000
1078.870000
1079.140000
1079.350000
1079.430000
1079.580000
1079.930000
1080.090000
1080.280000
1080.480000
1080.750000
1080.870000
1081.080000
1081.240000
1081.450000
1081.700000
1081.850000
1082.100000
1082.290000
1082.570000
1082.680000
1082.840000
1083.080000
