547.956000
548.162000
548.359000
548.622000
548.781000
549.020000
549.154000
549.394000
549.566000
549.763000
550.051000
550.165000
550.388000
550.596000
550.760000
551.015000
551.207000
551.388000
551.558000
551.766000
551.945000
552.252000
552.340000
552.607000
552.714000
553.007000
553.157000
553.351000
553.542000
553.796000
554.089000
554.222000
554.389000
554.538000
554.788000
555.000000
555.199000
555.383000
555.502000
555.692000
555.873000
556.185000
556.302000
556.618000
556.777000
557.013000
557.203000
557.310000
557.493000
557.771000
557.964000
558.147000
558.413000
558.557000
558.763000
559.002000
559.103000
559.386000
559.583000
559.798000
559.894000
560.157000
560.288000
560.584000
560.789000
560.908000
561.190000
561.395000
561.568000
561.714000
561.938000
562.137000
562.346000
562.649000
562.773000
562.935000
563.147000
563.457000
563.552000
563.759000
564.013000
564.162000
564.368000
564.613000
564.818000
564.933000
565.074000
565.317000
565.578000
565.759000
565.978000
566.182000
566.421000
566.557000
566.717000
566.913000
567.219000
567.398000
567.603000
567.764000
567.992000
568.109000
568.439000
568.619000
568.800000
568.844000
569.180000
569.425000
569.560000
569.693000
569.943000
570.100000
570.400000
570.631000
570.763000
570.937000
571.264000
571.405000
571.491000
571.765000
572.038000
572.185000
572.400000
572.590000
572.774000
572.965000
573.163000
573.330000
573.592000
573.835000
573.944000
574.100000
574.424000
574.583000
574.665000
574.930000
575.168000
575.372000
575.592000
575.794000
576.027000
576.140000
576.341000
576.573000
576.747000
576.988000
577.205000
577.380000
577.572000
577.746000
577.866000
578.138000
578.445000
578.620000
578.759000
578.981000
579.167000
579.475000
579.584000
579.794000
579.924000
580.125000
580.347000
580.606000
580.752000
580.941000
581.208000
581.313000
581.559000
581.725000
581.990000
582.137000
582.385000
582.582000
582.770000
582.992000
583.138000
583.332000
583.622000
583.747000
583.977000
584.206000
584.313000
584.516000
584.779000
584.967000
585.185000
585.368000
585.526000
585.804000
586.007000
586.090000
586.285000
586.477000
586.833000
587.001000
587.201000
587.409000
587.602000
587.810000
587.971000
588.118000
588.370000
588.614000
588.841000
589.053000
589.167000
589.301000
589.619000
589.775000
589.985000
590.120000
590.320000
590.522000
590.839000
591.111000
591.213000
591.305000
591.583000
591.770000
591.938000
592.115000
592.431000
592.641000
592.833000
592.854000
593.173000
593.388000
593.519000
593.776000
593.908000
594.178000
594.404000
594.578000
594.813000
594.884000
595.165000
595.458000
595.491000
595.757000
595.879000
596.183000
596.355000
596.554000
596.768000
596.977000
597.123000
597.414000
597.537000
597.770000
597.949000
598.113000
598.357000
598.643000
598.802000
598.931000
599.174000
599.359000
599.556000
599.720000
599.960000
600.203000
600.392000
600.569000
600.821000
601.027000
601.211000
601.421000
601.564000
601.720000
601.989000
602.187000
602.365000
602.490000
602.769000
603.012000
603.194000
603.410000
603.564000
603.766000
603.973000
604.147000
604.373000
604.545000
604.628000
604.999000
605.117000
605.319000
605.578000
605.696000
605.969000
606.248000
606.376000
606.542000
606.778000
607.023000
607.172000
607.400000
607.573000
607.736000
607.889000
608.183000
608.318000
608.596000
608.791000
608.960000
609.221000
609.359000
609.636000
609.768000
610.034000
610.155000
610.355000
610.543000
610.779000
610.929000
611.203000
611.346000
611.520000
611.809000
611.972000
612.056000
612.244000
612.551000
612.816000
612.958000
613.276000
613.399000
613.493000
613.692000
614.006000
614.169000
614.299000
614.538000
614.707000
614.914000
615.163000
615.329000
615.520000
615.767000
615.987000
616.188000
616.412000
616.649000
616.709000
616.946000
617.146000
617.380000
617.597000
617.781000
617.948000
618.033000
618.421000
618.677000
618.767000
618.929000
619.177000
619.238000
619.587000
619.828000
620.010000
620.168000
620.313000
620.495000
620.755000
620.959000
621.192000
621.392000
621.681000
621.787000
621.954000
622.153000
622.380000
622.570000
622.771000
622.963000
623.109000
623.399000
623.483000
623.781000
623.967000
624.135000
624.338000
624.560000
624.732000
624.890000
625.158000
625.377000
625.625000
625.832000
625.963000
626.237000
626.339000
626.516000
626.763000
627.020000
627.165000
627.363000
627.617000
627.768000
627.972000
628.043000
628.322000
628.604000
628.816000
628.910000
629.181000
629.398000
629.559000
629.725000
630.009000
630.169000
630.320000
630.552000
630.742000
631.037000
631.202000
631.393000
631.532000
631.759000
631.939000
632.206000
632.317000
632.533000
632.740000
632.899000
633.136000
633.365000
633.556000
633.792000
634.002000
634.152000
634.360000
634.505000
634.779000
634.929000
635.177000
635.336000
635.532000
635.681000
635.932000
636.137000
636.353000
636.573000
636.756000
637.006000
637.246000
637.436000
637.526000
637.747000
637.928000
638.187000
638.389000
638.585000
638.794000
638.949000
639.168000
639.336000
639.548000
639.851000
640.003000
640.163000
640.374000
640.598000
640.763000
640.956000
641.217000
641.406000
641.650000
641.768000
641.943000
642.110000
642.407000
642.634000
642.796000
642.894000
643.271000
643.417000
643.626000
643.764000
643.951000
644.142000
644.376000
644.592000
644.781000
644.881000
645.159000
645.310000
645.522000
645.736000
646.014000
646.102000
646.284000
646.568000
646.753000
647.022000
647.220000
647.378000
647.533000
647.776000
647.937000
648.216000
648.392000
648.604000
648.660000
648.844000
649.131000
649.271000
649.627000
649.847000
649.990000
650.127000
650.336000
650.608000
650.782000
650.936000
651.106000
651.358000
651.546000
651.744000
651.943000
652.139000
652.309000
652.575000
652.816000
652.943000
653.166000
653.344000
653.551000
653.774000
653.896000
654.091000
654.386000
654.590000
654.720000
654.965000
655.168000
655.362000
655.529000
655.800000
655.967000
656.209000
656.446000
656.566000
656.701000
657.023000
657.172000
657.413000
657.546000
657.792000
658.020000
658.188000
658.266000
658.545000
658.771000
658.970000
659.189000
659.400000
659.553000
659.629000
659.981000
660.174000
660.330000
660.510000
660.813000
661.018000
661.230000
661.345000
661.522000
661.785000
662.023000
662.141000
662.409000
662.518000
662.718000
662.895000
663.152000
663.296000
663.550000
663.802000
664.074000
664.184000
664.297000
664.631000
664.837000
664.950000
665.229000
665.359000
665.522000
665.815000
665.970000
666.205000
666.380000
666.527000
666.853000
666.948000
667.175000
667.310000
667.635000
667.851000
667.973000
668.128000
668.337000
668.490000
668.632000
669.013000
669.224000
669.261000
669.594000
669.846000
669.926000
670.061000
670.354000
670.487000
670.757000
671.001000
671.209000
671.316000
671.543000
671.871000
672.047000
672.111000
672.289000
672.474000
672.794000
672.931000
673.157000
673.332000
673.629000
673.778000
674.006000
674.130000
674.356000
674.576000
674.781000
675.014000
675.169000
675.308000
675.553000
675.746000
675.860000
676.077000
676.411000
676.525000
676.753000
676.913000
677.150000
677.358000
677.544000
677.774000
678.039000
678.090000
678.335000
678.514000
678.843000
678.954000
679.103000
679.375000
679.577000
679.790000
679.918000
680.134000
680.378000
680.625000
680.693000
680.968000
681.187000
681.336000
681.569000
681.752000
681.929000
682.224000
682.369000
682.625000
682.706000
682.924000
683.122000
683.362000
683.518000
683.754000
683.947000
684.144000
684.318000
684.611000
684.804000
685.004000
685.192000
685.347000
685.659000
685.827000
685.989000
686.128000
686.355000
686.536000
686.792000
687.006000
687.162000
687.310000
687.535000
687.769000
688.009000
688.333000
688.389000
688.528000
688.728000
688.934000
689.171000
689.371000
689.526000
689.702000
689.912000
690.232000
690.419000
690.578000
690.694000
690.933000
691.229000
691.359000
691.562000
691.630000
691.931000
692.115000
692.455000
692.614000
692.720000
692.940000
693.131000
693.357000
693.578000
693.848000
693.962000
694.134000
694.387000
694.564000
694.845000
694.944000
695.178000
695.301000
695.496000
695.733000
695.983000
696.116000
696.293000
696.556000
696.780000
696.953000
697.221000
697.400000
697.596000
697.784000
697.974000
698.126000
698.350000
698.569000
698.734000
698.919000
699.184000
699.484000
699.535000
699.760000
700.049000
700.130000
700.298000
700.589000
700.787000
701.036000
701.200000
701.273000
701.592000
701.706000
701.937000
702.188000
702.359000
702.531000
702.808000
702.891000
703.192000
703.370000
703.586000
703.776000
703.944000
704.151000
704.350000
704.594000
704.839000
704.965000
705.224000
705.315000
705.549000
705.774000
706.013000
706.185000
706.350000
706.555000
706.778000
707.011000
707.174000
707.444000
707.635000
707.721000
707.959000
708.210000
708.353000
708.577000
708.791000
708.941000
709.275000
709.351000
709.556000
709.775000
709.988000
710.119000
710.342000
710.573000
710.743000
710.913000
711.111000
711.372000
711.508000
711.728000
711.972000
712.254000
712.384000
712.557000
712.731000
712.979000
713.185000
713.333000
713.561000
713.819000
713.903000
714.176000
714.336000
714.534000
714.701000
715.018000
715.139000
715.434000
715.647000
715.788000
715.986000
716.230000
716.412000
716.624000
716.711000
716.858000
717.220000
717.470000
717.545000
717.796000
717.954000
718.198000
718.364000
718.565000
718.789000
718.974000
719.226000
719.411000
719.607000
719.806000
719.883000
720.158000
720.405000
720.490000
720.781000
720.913000
721.049000
721.329000
721.619000
721.771000
722.021000
722.162000
722.411000
722.574000
722.753000
722.938000
723.138000
723.434000
723.532000
723.740000
723.931000
724.151000
724.365000
724.642000
724.772000
725.012000
725.140000
725.345000
725.645000
725.778000
726.032000
726.164000
726.392000
726.592000
726.801000
726.950000
727.081000
727.418000
727.598000
727.721000
727.929000
728.117000
728.292000
728.669000
728.870000
728.975000
729.115000
729.362000
729.524000
729.766000
730.026000
730.106000
730.359000
730.546000
730.806000
731.031000
731.154000
731.287000
731.555000
731.853000
731.928000
732.124000
732.374000
732.498000
732.743000
732.878000
733.152000
733.399000
733.513000
733.782000
733.975000
734.167000
734.332000
734.553000
734.777000
734.964000
735.238000
735.333000
735.585000
735.773000
735.986000
736.196000
736.365000
736.550000
736.679000
737.072000
737.143000
737.380000
737.491000
737.803000
737.909000
738.115000
738.339000
738.470000
738.836000
739.026000
739.206000
739.339000
739.528000
739.799000
740.013000
740.186000
740.316000
740.526000
740.809000
740.998000
741.150000
741.366000
741.520000
741.789000
741.895000
742.109000
742.415000
742.641000
742.717000
742.883000
743.122000
743.363000
743.543000
743.843000
743.976000
744.069000
744.384000
744.558000
744.807000
745.001000
745.142000
745.388000
745.611000
745.759000
745.989000
746.083000
746.369000
746.576000
746.836000
746.871000
747.149000
747.337000
747.577000
747.677000
747.973000
748.114000
748.265000
748.543000
748.796000
748.998000
749.139000
749.422000
749.594000
749.723000
749.951000
750.130000
750.447000
750.588000
750.651000
750.931000
751.126000
751.325000
751.591000
751.847000
751.951000
752.159000
752.410000
752.561000
752.788000
752.907000
753.101000
753.310000
753.497000
753.761000
753.922000
754.113000
754.475000
754.591000
754.765000
755.023000
755.136000
755.431000
755.506000
755.713000
755.926000
756.271000
756.373000
756.491000
756.707000
756.943000
757.145000
757.414000
757.616000
757.775000
757.939000
758.104000
758.403000
758.525000
758.688000
758.975000
759.133000
759.353000
759.603000
759.818000
759.966000
760.134000
760.299000
760.650000
760.824000
760.994000
761.216000
761.367000
761.540000
761.830000
761.948000
762.135000
762.335000
762.579000
762.753000
762.994000
763.137000
763.348000
763.611000
763.792000
763.892000
764.145000
764.400000
764.503000
764.700000
764.967000
765.176000
765.356000
765.515000
765.752000
766.005000
766.126000
766.319000
766.555000
766.820000
767.028000
767.175000
767.343000
767.535000
767.764000
767.946000
768.151000
768.254000
768.524000
768.683000
768.995000
769.250000
769.394000
769.539000
769.714000
770.012000
770.151000
770.365000
770.531000
770.771000
770.959000
771.207000
771.341000
771.492000
771.777000
771.972000
772.156000
772.340000
772.548000
772.825000
772.975000
773.216000
773.193000
773.492000
773.692000
774.028000
774.225000
774.405000
774.566000
774.701000
774.975000
775.188000
775.391000
775.486000
775.657000
776.055000
776.144000
776.387000
776.603000
776.685000
776.980000
777.073000
777.389000
777.535000
777.683000
777.919000
778.199000
778.370000
778.581000
778.750000
778.921000
779.200000
779.380000
779.537000
779.725000
779.919000
780.154000
780.368000
780.619000
780.793000
780.957000
781.242000
781.382000
781.514000
781.718000
781.974000
782.147000
782.389000
782.624000
782.812000
782.960000
783.170000
783.323000
783.611000
783.762000
783.931000
784.061000
784.390000
784.592000
784.694000
784.899000
785.103000
785.407000
785.582000
785.797000
786.025000
786.181000
786.456000
786.506000
786.661000
786.948000
787.175000
787.401000
787.565000
787.756000
787.947000
788.161000
788.350000
788.557000
788.717000
789.032000
789.224000
789.399000
789.577000
789.771000
789.996000
790.147000
790.350000
790.593000
790.768000
790.928000
791.147000
791.348000
791.551000
791.690000
791.981000
792.111000
792.325000
792.601000
792.748000
793.031000
793.170000
793.379000
793.555000
793.778000
793.926000
794.192000
794.329000
794.545000
794.801000
794.959000
795.176000
795.374000
795.553000
795.703000
796.006000
796.186000
796.402000
796.600000
796.769000
796.960000
797.115000
797.270000
797.639000
797.698000
797.878000
798.097000
798.317000
798.562000
798.775000
798.990000
799.204000
799.414000
799.575000
799.790000
799.974000
800.129000
800.476000
800.602000
800.815000
800.988000
801.144000
801.335000
801.539000
801.733000
801.959000
802.146000
802.305000
802.552000
802.815000
803.012000
803.219000
803.324000
803.563000
803.670000
803.996000
804.144000
804.298000
804.628000
804.841000
805.009000
805.081000
805.396000
805.589000
805.773000
805.934000
806.152000
806.424000
806.584000
806.774000
806.986000
807.158000
807.360000
807.555000
807.864000
808.003000
808.159000
808.175000
808.625000
808.865000
809.012000
809.192000
809.357000
809.545000
809.758000
810.019000
810.271000
810.357000
810.576000
810.643000
810.927000
811.173000
811.313000
811.472000
811.791000
811.903000
812.166000
812.367000
812.631000
812.716000
812.906000
813.150000
813.297000
813.611000
813.844000
813.988000
814.140000
814.299000
814.564000
814.775000
814.986000
815.143000
815.328000
815.565000
815.809000
815.911000
816.108000
816.343000
816.608000
816.834000
816.962000
817.132000
817.374000
817.595000
817.819000
817.995000
818.091000
818.290000
818.604000
818.774000
818.943000
819.199000
819.317000
819.502000
819.710000
819.971000
820.113000
820.373000
820.420000
820.751000
820.955000
821.232000
821.381000
821.507000
821.732000
821.900000
822.144000
822.361000
822.553000
822.758000
822.902000
823.278000
823.406000
823.578000
823.757000
823.947000
824.152000
824.334000
824.516000
824.758000
824.991000
825.178000
825.364000
825.521000
825.769000
826.066000
826.215000
826.350000
826.525000
826.757000
826.968000
827.174000
827.388000
827.513000
827.629000
828.016000
828.096000
828.389000
828.642000
828.787000
828.976000
829.161000
829.331000
829.515000
829.840000
830.015000
830.057000
830.311000
830.588000
830.808000
830.872000
831.147000
831.342000
831.548000
831.853000
832.017000
832.196000
832.312000
832.616000
832.895000
833.031000
833.139000
833.389000
833.598000
833.791000
833.897000
834.195000
834.435000
834.625000
834.704000
834.924000
835.138000
835.312000
835.558000
835.754000
836.017000
836.223000
836.348000
836.599000
836.811000
836.978000
837.088000
837.378000
837.603000
837.884000
837.966000
838.125000
838.409000
838.574000
838.769000
838.947000
839.176000
839.301000
839.523000
839.825000
839.993000
840.195000
840.377000
840.508000
840.777000
840.781000
841.160000
841.394000
841.555000
841.681000
841.836000
842.219000
842.386000
842.554000
842.756000
842.961000
843.115000
843.343000
843.563000
843.762000
844.022000
844.169000
844.356000
844.496000
844.701000
845.050000
845.150000
845.349000
845.588000
845.762000
846.023000
846.192000
846.465000
846.508000
846.781000
846.917000
847.169000
847.324000
847.578000
847.789000
847.959000
848.149000
848.424000
848.591000
848.702000
848.991000
849.164000
849.420000
849.545000
849.725000
849.951000
850.214000
850.420000
850.576000
850.715000
850.956000
851.140000
851.380000
851.568000
851.684000
851.975000
852.091000
852.311000
852.548000
852.857000
852.941000
853.121000
853.336000
853.627000
853.828000
853.916000
854.187000
854.343000
854.500000
854.806000
854.899000
855.143000
855.327000
855.508000
855.797000
855.989000
856.234000
856.348000
856.583000
856.719000
856.972000
857.185000
857.403000
857.643000
857.742000
857.921000
858.198000
858.325000
858.557000
858.774000
858.974000
859.070000
859.389000
859.610000
859.748000
859.962000
860.157000
860.281000
860.581000
860.802000
861.058000
861.120000
861.348000
861.531000
861.757000
861.880000
862.104000
862.315000
862.527000
862.793000
862.951000
863.112000
863.365000
863.526000
863.753000
864.012000
864.206000
864.452000
864.567000
864.684000
864.887000
865.186000
865.381000
865.540000
865.674000
865.934000
866.207000
866.450000
866.482000
866.681000
867.014000
867.146000
867.334000
867.574000
867.764000
867.981000
868.214000
868.390000
868.588000
868.720000
868.930000
869.156000
869.423000
869.644000
869.806000
869.953000
870.146000
870.315000
870.597000
870.738000
870.953000
871.143000
871.264000
871.525000
871.769000
871.889000
872.130000
872.323000
872.602000
872.757000
872.894000
873.129000
873.391000
873.607000
873.742000
874.030000
874.224000
874.356000
874.448000
874.727000
874.954000
875.188000
875.382000
875.530000
875.716000
875.952000
876.092000
876.397000
876.570000
876.769000
876.980000
877.197000
877.389000
877.541000
877.805000
878.009000
878.128000
878.391000
878.563000
878.697000
878.859000
879.126000
879.271000
879.578000
879.810000
879.920000
880.083000
880.291000
880.609000
880.817000
880.954000
881.154000
881.343000
881.550000
881.832000
882.019000
882.092000
882.395000
882.556000
882.780000
882.937000
883.170000
883.382000
883.663000
883.819000
883.910000
884.234000
884.459000
884.523000
884.690000
884.959000
885.052000
885.379000
885.623000
885.737000
885.898000
886.037000
886.373000
886.687000
886.800000
886.858000
887.132000
887.349000
887.613000
887.865000
887.852000
888.147000
888.422000
888.605000
888.759000
888.906000
889.139000
889.390000
889.559000
889.663000
890.037000
890.151000
890.272000
890.472000
890.774000
891.063000
891.222000
891.356000
891.568000
891.748000
891.959000
892.147000
892.330000
892.626000
892.771000
892.916000
893.170000
893.343000
893.499000
893.754000
893.906000
894.202000
894.316000
894.531000
894.774000
894.928000
895.126000
895.385000
895.582000
895.887000
895.919000
896.013000
896.426000
896.546000
896.821000
896.954000
897.169000
897.392000
897.493000
897.795000
898.059000
898.134000
898.396000
898.601000
898.809000
898.946000
899.190000
899.373000
899.649000
899.795000
899.923000
900.104000
900.426000
900.650000
900.826000
900.949000
901.099000
901.400000
901.586000
901.812000
901.963000
902.083000
902.329000
902.527000
902.829000
902.923000
903.178000
903.335000
903.562000
903.763000
903.967000
904.167000
904.404000
904.517000
904.801000
904.997000
905.164000
905.301000
905.449000
905.756000
905.872000
906.177000
906.378000
906.613000
906.777000
906.980000
907.066000
907.332000
907.502000
907.763000
907.982000
908.164000
908.429000
908.595000
908.749000
908.980000
909.176000
909.420000
909.637000
909.711000
909.976000
910.145000
910.446000
910.568000
910.715000
910.925000
911.187000
911.357000
911.652000
911.805000
912.013000
912.179000
912.306000
912.583000
912.729000
913.016000
913.201000
913.357000
913.551000
913.832000
913.948000
914.160000
914.428000
914.447000
914.812000
914.968000
915.171000
915.388000
915.608000
915.713000
915.990000
916.153000
916.438000
916.591000
916.696000
916.997000
917.227000
917.487000
917.588000
917.708000
917.958000
918.180000
918.396000
918.540000
918.739000
918.987000
919.161000
919.288000
919.577000
919.786000
919.917000
920.136000
920.435000
920.671000
920.800000
920.854000
921.177000
921.282000
921.651000
921.681000
921.940000
922.182000
922.351000
922.569000
922.803000
922.963000
923.152000
923.348000
923.627000
923.705000
924.018000
924.113000
924.357000
924.566000
924.799000
924.976000
925.174000
925.343000
925.588000
925.761000
925.942000
926.156000
926.327000
926.489000
926.830000
926.917000
927.220000
927.299000
927.617000
927.827000
927.985000
928.037000
928.355000
928.649000
928.808000
928.992000
929.095000
929.337000
929.598000
929.853000
929.947000
930.166000
930.303000
930.573000
930.809000
931.031000
931.140000
931.413000
931.537000
931.766000
932.016000
932.092000
932.351000
932.594000
932.803000
933.041000
933.191000
933.371000
933.592000
933.713000
933.929000
934.171000
934.382000
934.621000
934.820000
934.988000
935.151000
935.299000
935.585000
935.802000
935.974000
936.158000
936.373000
936.622000
936.835000
936.991000
937.145000
937.408000
937.545000
937.747000
937.958000
938.126000
938.404000
938.512000
938.854000
938.916000
939.059000
939.363000
939.517000
939.776000
940.005000
940.123000
940.411000
940.554000
940.888000
940.981000
941.123000
941.379000
941.510000
941.762000
941.935000
942.154000
942.442000
942.599000
942.730000
942.975000
943.156000
943.348000
943.616000
943.776000
944.035000
944.167000
944.277000
944.591000
944.811000
944.981000
945.099000
945.249000
945.560000
945.769000
945.978000
946.106000
946.367000
946.533000
946.802000
947.010000
947.134000
947.386000
947.603000
947.807000
947.975000
948.200000
948.334000
948.426000
948.711000
948.948000
949.136000
949.355000
949.497000
949.726000
949.961000
950.165000
950.395000
950.495000
950.805000
951.014000
951.193000
951.354000
951.613000
951.779000
951.955000
952.121000
952.261000
952.501000
952.821000
953.019000
953.203000
953.315000
953.499000
953.742000
953.950000
954.181000
954.391000
954.522000
954.775000
954.997000
955.249000
955.428000
955.660000
955.844000
955.997000
956.109000
956.317000
956.535000
956.804000
956.927000
957.154000
957.364000
957.575000
957.799000
957.982000
958.202000
958.381000
958.522000
958.779000
958.944000
959.155000
959.349000
959.648000
959.789000
959.997000
960.233000
960.364000
960.485000
960.736000
961.023000
961.246000
961.391000
961.518000
961.741000
961.978000
962.197000
962.416000
962.577000
962.749000
962.909000
963.175000
963.373000
963.576000
963.722000
963.888000
964.162000
964.347000
964.582000
964.775000
964.936000
965.173000
965.375000
965.568000
965.747000
965.912000
966.114000
966.372000
966.555000
966.785000
966.958000
967.164000
967.409000
967.669000
967.805000
967.977000
968.185000
968.255000
968.553000
968.775000
968.972000
969.092000
969.412000
969.601000
969.728000
969.888000
970.167000
970.401000
970.509000
970.708000
970.974000
971.152000
971.359000
971.630000
971.844000
971.994000
972.093000
972.352000
972.641000
972.809000
972.931000
973.184000
973.400000
973.569000
973.804000
973.992000
974.110000
974.352000
974.604000
974.759000
974.881000
975.171000
975.430000
975.570000
975.842000
976.036000
976.086000
976.375000
976.586000
976.796000
977.024000
977.132000
977.370000
977.505000
977.810000
977.909000
978.177000
978.361000
978.539000
978.834000
978.931000
979.138000
979.306000
979.493000
979.690000
980.065000
980.262000
980.357000
980.550000
980.778000
981.037000
981.246000
981.299000
981.550000
981.739000
981.935000
982.191000
982.357000
982.583000
982.756000
983.041000
983.148000
983.437000
983.473000
983.811000
983.953000
984.134000
984.369000
984.625000
984.727000
984.935000
985.084000
985.421000
985.646000
985.721000
985.949000
986.150000
986.405000
986.662000
986.827000
986.924000
987.180000
987.336000
987.545000
987.801000
988.005000
988.115000
988.310000
988.566000
988.692000
988.919000
989.275000
989.102000
989.614000
989.761000
990.006000
990.188000
990.404000
990.489000
990.840000
990.918000
991.095000
991.277000
991.510000
991.685000
992.027000
992.203000
992.429000
992.573000
992.796000
992.887000
993.152000
993.360000
993.591000
993.695000
993.860000
994.004000
994.372000
994.543000
994.755000
994.962000
995.140000
995.265000
995.528000
995.884000
995.968000
996.120000
996.286000
996.525000
996.756000
996.918000
997.224000
997.298000
997.521000
997.761000
997.947000
998.196000
998.417000
998.588000
998.654000
998.966000
999.158000
999.390000
999.550000
999.740000
1000.040000
1000.140000
1000.370000
1000.520000
1000.800000
1001.030000
1001.140000
1001.400000
1001.600000
1001.740000
1001.930000
1002.080000
1002.370000
1002.510000
1002.800000
1002.980000
1003.250000
1003.320000
1003.540000
1003.680000
1003.980000
1004.140000
1004.320000
1004.600000
1004.760000
1004.990000
1005.190000
1005.360000
1005.540000
1005.750000
1006.030000
1006.170000
1006.370000
1006.470000
1006.760000
1006.950000
1007.160000
1007.390000
1007.590000
1007.690000
1007.960000
1008.080000
1008.280000
1008.530000
1008.770000
1008.900000
1009.160000
1009.350000
1009.540000
1009.670000
1010.050000
1010.130000
1010.330000
1010.500000
1010.800000
1011.020000
1011.180000
1011.370000
1011.610000
1011.790000
1011.890000
1012.240000
1012.370000
1012.570000
1012.720000
1013.040000
1013.150000
1013.310000
1013.560000
1013.670000
1013.940000
1014.150000
1014.390000
1014.600000
1014.800000
1015.000000
1015.180000
1015.330000
1015.530000
1015.760000
1015.950000
1016.180000
1016.420000
1016.520000
1016.750000
1017.010000
1017.070000
1017.360000
1017.610000
1017.770000
1017.960000
1018.200000
1018.290000
1018.570000
1018.780000
1018.880000
1019.140000
1019.360000
1019.530000
1019.760000
1020.000000
1020.270000
1020.340000
1020.520000
1020.740000
1021.010000
1021.120000
1021.370000
1021.530000
1021.700000
1021.940000
1022.270000
1022.360000
1022.570000
1022.770000
1023.010000
1022.980000
1023.350000
1023.560000
1023.790000
1023.980000
1024.140000
1024.380000
1024.550000
1024.750000
1024.880000
1025.240000
1025.370000
1025.600000
1025.770000
1025.960000
1026.180000
1026.420000
1026.530000
1026.670000
1026.970000
1027.220000
1027.290000
1027.550000
1027.680000
1027.970000
1028.180000
1028.420000
1028.590000
1028.820000
1028.930000
1029.180000
1029.340000
1029.560000
1029.730000
1029.980000
1030.120000
1030.360000
1030.540000
1030.700000
1030.970000
1031.230000
1031.390000
1031.600000
1031.730000
1031.980000
1032.130000
1032.370000
1032.530000
1032.790000
1032.990000
1033.230000
1033.360000
1033.470000
1033.740000
1033.960000
1034.250000
1034.370000
1034.520000
1034.690000
1034.970000
1035.230000
1035.340000
1035.540000
1035.720000
1035.950000
1036.120000
1036.360000
1036.410000
1036.800000
1036.970000
1037.130000
1037.370000
1037.600000
1037.910000
1037.990000
1038.150000
1038.360000
1038.500000
1038.760000
1038.960000
1039.220000
1039.420000
1039.550000
1039.650000
1039.970000
1040.200000
1040.270000
1040.610000
1040.820000
1041.000000
1041.170000
1041.440000
1041.600000
1041.750000
1041.970000
1042.230000
1042.440000
1042.610000
1042.860000
1042.960000
1043.130000
1043.310000
1043.550000
1043.750000
1044.010000
1044.120000
1044.370000
1044.440000
1044.760000
1045.000000
1045.180000
1045.350000
1045.560000
1045.810000
1046.020000
1046.170000
1046.390000
1046.480000
1046.710000
1046.940000
1047.190000
1047.470000
1047.570000
1047.730000
1047.920000
