547.938000
548.158000
548.328000
548.536000
548.755000
548.960000
549.180000
549.346000
549.557000
549.765000
550.010000
550.154000
550.376000
550.460000
550.719000
550.945000
551.123000
551.329000
551.523000
551.652000
551.974000
552.195000
552.399000
552.488000
552.700000
552.937000
553.165000
553.319000
553.538000
553.691000
553.941000
554.197000
554.416000
554.563000
554.717000
554.960000
555.040000
555.410000
555.548000
555.638000
555.914000
556.186000
556.385000
556.445000
556.751000
556.961000
557.072000
557.306000
557.566000
557.756000
558.007000
558.105000
558.377000
558.513000
558.778000
558.831000
559.105000
559.354000
559.565000
559.775000
559.919000
560.220000
560.250000
560.522000
560.705000
560.958000
561.169000
561.304000
561.526000
561.696000
562.037000
562.109000
562.280000
562.515000
562.773000
562.896000
563.164000
563.358000
563.546000
563.760000
563.921000
564.134000
564.315000
564.599000
564.680000
564.937000
565.142000
565.337000
565.611000
565.791000
565.839000
566.090000
566.246000
566.634000
566.804000
566.895000
567.129000
567.325000
567.529000
567.729000
567.998000
568.193000
568.230000
568.499000
568.740000
568.852000
569.088000
569.331000
569.556000
569.731000
569.959000
570.167000
570.365000
570.555000
570.720000
570.848000
571.190000
571.247000
571.540000
571.770000
571.915000
572.101000
572.390000
572.515000
572.808000
572.968000
573.071000
573.343000
573.582000
573.826000
573.902000
574.162000
574.357000
574.547000
574.698000
574.950000
575.120000
575.350000
575.538000
575.688000
576.033000
576.188000
576.212000
576.480000
576.734000
577.010000
577.179000
577.300000
577.447000
577.733000
577.998000
578.090000
578.380000
578.563000
578.620000
578.936000
579.117000
579.343000
579.608000
579.756000
579.885000
580.153000
580.374000
580.514000
580.655000
580.866000
581.045000
581.328000
581.598000
581.792000
581.894000
582.063000
582.193000
582.540000
582.753000
582.944000
583.071000
583.282000
583.535000
583.765000
583.931000
584.087000
584.319000
584.591000
584.766000
584.971000
585.179000
585.291000
585.505000
585.817000
586.052000
586.077000
586.306000
586.447000
586.753000
586.963000
587.100000
587.286000
587.464000
587.660000
587.965000
588.120000
588.331000
588.474000
588.742000
588.962000
589.181000
589.331000
589.602000
589.782000
589.920000
590.124000
590.274000
590.490000
590.785000
591.012000
591.226000
591.385000
591.514000
591.696000
591.945000
592.131000
592.409000
592.604000
592.697000
592.999000
593.106000
593.332000
593.551000
593.755000
593.933000
594.141000
594.368000
594.527000
594.778000
594.910000
595.159000
595.324000
595.491000
595.711000
595.912000
596.179000
596.352000
596.572000
596.751000
596.757000
597.130000
597.407000
597.469000
597.683000
597.919000
598.119000
598.318000
598.520000
598.699000
598.936000
599.091000
599.344000
599.579000
599.795000
599.829000
600.098000
600.265000
600.476000
600.777000
601.015000
601.175000
601.385000
601.437000
601.650000
601.936000
602.118000
602.376000
602.484000
602.651000
603.019000
603.233000
603.366000
603.487000
603.729000
603.969000
604.208000
604.399000
604.616000
604.783000
604.973000
605.179000
605.274000
605.537000
605.732000
605.876000
606.142000
606.324000
606.562000
606.712000
606.895000
607.106000
607.399000
607.567000
607.697000
607.935000
608.153000
608.325000
608.559000
608.626000
609.004000
609.221000
609.301000
609.496000
609.705000
609.864000
610.221000
610.425000
610.619000
610.705000
610.942000
611.151000
611.284000
611.502000
611.760000
611.914000
612.106000
612.353000
612.575000
612.701000
612.934000
613.176000
613.388000
613.529000
613.763000
614.008000
614.139000
614.338000
614.542000
614.809000
614.924000
615.176000
615.316000
615.519000
615.750000
615.899000
616.085000
616.385000
616.534000
616.716000
616.932000
617.192000
617.423000
617.553000
617.671000
617.921000
618.059000
618.399000
618.576000
618.702000
618.890000
619.063000
619.411000
619.533000
619.743000
619.908000
620.193000
620.311000
620.578000
620.747000
620.903000
621.164000
621.455000
621.588000
621.700000
621.921000
622.177000
622.315000
622.590000
622.747000
622.883000
623.111000
623.380000
623.621000
623.783000
623.966000
624.149000
624.406000
624.560000
624.781000
624.898000
625.136000
625.334000
625.594000
625.708000
625.867000
626.075000
626.376000
626.587000
626.810000
626.876000
627.188000
627.326000
627.520000
627.711000
627.932000
628.141000
628.324000
628.496000
628.704000
628.976000
629.188000
629.313000
629.486000
629.661000
629.954000
630.167000
630.343000
630.557000
630.761000
630.857000
631.155000
631.336000
631.529000
631.762000
631.880000
632.068000
632.392000
632.584000
632.753000
632.906000
633.132000
633.439000
633.611000
633.660000
633.909000
634.127000
634.378000
634.531000
634.716000
634.928000
635.112000
635.381000
635.538000
635.711000
635.940000
636.113000
636.419000
636.536000
636.653000
636.939000
637.137000
637.333000
637.555000
637.786000
637.936000
638.144000
638.383000
638.421000
638.793000
638.911000
639.188000
639.329000
639.510000
639.764000
639.885000
640.207000
640.398000
640.516000
640.733000
640.936000
641.148000
641.464000
641.424000
641.701000
641.949000
642.127000
642.329000
642.629000
642.746000
642.880000
643.222000
643.351000
643.495000
643.653000
643.874000
644.107000
644.326000
644.533000
644.744000
644.877000
645.052000
645.347000
645.578000
645.796000
645.903000
646.167000
646.379000
646.557000
646.814000
646.970000
647.135000
647.367000
647.573000
647.690000
647.972000
648.179000
648.361000
648.525000
648.682000
648.955000
649.125000
649.343000
649.564000
649.731000
649.953000
650.119000
650.353000
650.605000
650.653000
650.993000
651.200000
651.370000
651.593000
651.779000
651.894000
652.142000
652.323000
652.563000
652.823000
652.929000
653.127000
653.317000
653.515000
653.742000
653.964000
654.230000
654.234000
654.530000
654.720000
654.933000
655.111000
655.372000
655.505000
655.760000
655.929000
656.207000
656.340000
656.500000
656.743000
656.996000
657.211000
657.395000
657.588000
657.720000
657.829000
658.109000
658.369000
658.580000
658.677000
658.921000
659.149000
659.326000
659.600000
659.772000
659.960000
660.140000
660.275000
660.538000
660.789000
660.957000
661.143000
661.312000
661.533000
661.755000
661.969000
662.161000
662.321000
662.440000
662.675000
662.887000
663.174000
663.427000
663.585000
663.667000
663.864000
664.134000
664.345000
664.574000
664.775000
664.862000
665.137000
665.301000
665.555000
665.730000
665.906000
666.039000
666.335000
666.546000
666.722000
666.951000
667.098000
667.367000
667.524000
667.815000
667.913000
668.142000
668.420000
668.596000
668.721000
668.921000
669.130000
669.349000
669.531000
669.763000
669.988000
670.136000
670.334000
670.423000
670.705000
670.881000
671.191000
671.277000
671.603000
671.739000
671.866000
672.160000
672.310000
672.582000
672.668000
672.960000
673.139000
673.330000
673.590000
673.738000
673.876000
674.149000
674.311000
674.497000
674.742000
674.997000
675.237000
675.358000
675.479000
675.694000
675.929000
676.078000
676.362000
676.471000
676.636000
676.881000
677.171000
677.449000
677.643000
677.729000
677.879000
678.128000
678.364000
678.548000
678.752000
678.922000
679.131000
679.362000
679.553000
679.801000
679.949000
680.124000
680.360000
680.549000
680.856000
680.948000
681.183000
681.305000
681.519000
681.824000
681.920000
682.155000
682.313000
682.564000
682.672000
682.920000
683.181000
683.382000
683.481000
683.769000
684.012000
684.121000
684.426000
684.620000
684.667000
684.901000
685.201000
685.314000
685.514000
685.742000
685.845000
686.101000
686.391000
686.584000
686.748000
686.920000
687.087000
687.279000
687.632000
687.763000
687.926000
688.203000
688.332000
688.548000
688.761000
688.956000
689.118000
689.247000
689.560000
689.663000
689.907000
690.137000
690.404000
690.536000
690.745000
690.912000
691.120000
691.427000
691.569000
691.717000
691.993000
692.054000
692.377000
692.510000
692.733000
692.947000
693.165000
693.322000
693.521000
693.812000
693.891000
694.076000
694.347000
694.568000
694.794000
695.038000
695.172000
695.314000
695.554000
695.728000
695.955000
696.091000
696.387000
696.538000
696.795000
696.973000
697.270000
697.320000
697.517000
697.618000
697.952000
698.150000
698.363000
698.539000
698.754000
698.966000
699.182000
699.348000
699.566000
699.755000
699.978000
700.155000
700.319000
700.465000
700.784000
701.024000
701.152000
701.246000
701.538000
701.715000
702.028000
702.171000
702.357000
702.496000
702.670000
702.988000
703.142000
703.317000
703.495000
703.717000
703.956000
704.211000
704.296000
704.446000
704.743000
704.880000
705.118000
705.346000
705.491000
705.709000
705.875000
706.063000
706.288000
706.584000
706.687000
706.835000
707.114000
707.347000
707.510000
707.782000
707.917000
708.117000
708.299000
708.544000
708.708000
708.992000
709.169000
709.358000
709.522000
709.745000
710.009000
710.164000
710.418000
710.475000
710.666000
710.916000
711.059000
711.283000
711.503000
711.804000
711.928000
712.123000
712.192000
712.536000
712.798000
712.941000
713.191000
713.252000
713.553000
713.794000
713.931000
714.108000
714.297000
714.531000
714.704000
714.966000
715.174000
715.351000
715.549000
715.768000
715.968000
716.108000
716.288000
716.574000
716.685000
716.908000
717.140000
717.290000
717.528000
717.684000
717.854000
718.146000
718.398000
718.644000
718.779000
718.993000
719.134000
719.358000
719.560000
719.711000
719.882000
720.140000
720.296000
720.491000
720.772000
720.966000
721.115000
721.388000
721.531000
721.755000
721.933000
722.114000
722.318000
722.559000
722.783000
722.941000
723.093000
723.325000
723.582000
723.779000
723.966000
723.983000
724.340000
724.648000
724.736000
724.931000
725.100000
725.312000
725.547000
725.807000
725.930000
726.172000
726.261000
726.572000
726.766000
727.012000
727.190000
727.236000
727.525000
727.747000
727.895000
728.113000
728.305000
728.564000
728.712000
728.949000
729.080000
729.394000
729.556000
729.714000
729.879000
730.103000
730.417000
730.678000
730.773000
730.850000
731.027000
731.361000
731.586000
731.721000
731.902000
732.165000
732.394000
732.600000
732.734000
732.846000
733.091000
733.329000
733.570000
733.796000
733.891000
734.140000
734.306000
734.579000
734.816000
734.862000
735.041000
735.259000
735.569000
735.698000
735.924000
736.141000
736.357000
736.565000
736.675000
736.931000
737.182000
737.380000
737.594000
737.795000
737.901000
738.110000
738.308000
738.569000
738.729000
738.903000
739.104000
739.400000
739.591000
739.760000
739.953000
740.141000
740.383000
740.525000
740.759000
741.045000
741.124000
741.328000
741.641000
741.805000
741.876000
742.094000
742.390000
742.551000
742.770000
742.996000
743.144000
743.339000
743.533000
743.760000
743.818000
744.165000
744.396000
744.554000
744.779000
744.989000
745.098000
745.417000
745.612000
745.715000
745.999000
746.211000
746.366000
746.521000
746.810000
746.933000
747.107000
747.290000
747.541000
747.808000
748.042000
748.105000
748.385000
748.512000
748.773000
748.916000
749.101000
749.356000
749.504000
749.703000
750.013000
750.114000
750.365000
750.593000
750.722000
750.952000
751.163000
751.428000
751.482000
751.745000
751.989000
752.152000
752.297000
752.637000
752.761000
752.906000
753.137000
753.278000
753.613000
753.761000
753.919000
754.086000
754.252000
754.512000
754.794000
754.986000
755.134000
755.337000
755.613000
755.730000
755.925000
756.175000
756.328000
756.555000
756.745000
756.966000
757.178000
757.354000
757.514000
757.684000
757.931000
758.127000
758.334000
758.494000
758.771000
759.031000
759.183000
759.352000
759.494000
759.812000
759.974000
760.109000
760.331000
760.490000
760.715000
760.835000
761.167000
761.376000
761.612000
761.773000
761.959000
762.196000
762.409000
762.486000
762.786000
762.878000
763.121000
763.273000
763.549000
763.737000
763.894000
764.147000
764.343000
764.483000
764.652000
764.994000
765.113000
765.329000
765.545000
765.734000
765.969000
766.122000
766.283000
766.535000
766.706000
766.896000
767.144000
767.385000
767.561000
767.809000
767.873000
768.165000
768.362000
768.577000
768.748000
768.924000
769.160000
769.291000
769.535000
769.676000
769.964000
770.137000
770.277000
770.552000
770.724000
770.941000
771.107000
771.325000
771.500000
771.715000
771.949000
772.125000
772.265000
772.556000
772.745000
772.949000
773.147000
773.362000
773.607000
773.740000
773.936000
774.097000
774.276000
774.574000
774.765000
774.971000
775.123000
775.290000
775.493000
775.765000
776.037000
776.156000
776.329000
776.510000
776.734000
776.955000
777.170000
777.294000
777.540000
777.719000
777.900000
778.160000
778.330000
778.538000
778.714000
778.889000
779.141000
779.363000
779.590000
779.707000
779.910000
780.059000
780.375000
780.501000
780.713000
780.977000
781.149000
781.375000
781.552000
781.706000
781.932000
782.213000
782.285000
782.587000
782.760000
782.905000
783.158000
783.387000
783.467000
783.758000
783.903000
784.148000
784.367000
784.513000
784.717000
784.868000
785.168000
785.262000
785.544000
785.743000
786.004000
786.203000
786.355000
786.447000
786.654000
786.993000
787.126000
787.353000
787.536000
787.782000
787.926000
788.159000
788.321000
788.486000
788.786000
788.882000
789.142000
789.340000
789.602000
789.774000
789.940000
790.068000
790.311000
790.453000
790.652000
791.016000
791.162000
791.333000
791.576000
791.740000
791.948000
792.138000
792.339000
792.559000
792.742000
792.999000
793.110000
793.388000
793.555000
793.763000
793.977000
794.177000
794.371000
794.437000
794.739000
795.020000
795.155000
795.288000
795.570000
795.816000
796.037000
796.246000
796.201000
796.466000
796.794000
797.085000
797.153000
797.302000
797.488000
797.715000
797.935000
798.190000
798.347000
798.534000
798.673000
798.914000
799.233000
799.298000
799.542000
799.707000
799.909000
800.113000
800.351000
800.545000
800.765000
800.933000
801.031000
801.390000
801.648000
801.704000
801.941000
802.045000
802.366000
802.538000
802.674000
802.904000
803.131000
803.365000
803.641000
803.768000
803.885000
804.126000
804.347000
804.542000
804.764000
804.913000
805.187000
805.308000
805.540000
805.789000
805.937000
806.148000
806.233000
806.518000
806.791000
807.003000
807.073000
807.286000
807.468000
807.711000
807.971000
808.152000
808.364000
808.548000
808.815000
808.935000
809.145000
809.327000
809.552000
809.738000
809.958000
810.164000
810.299000
810.566000
810.765000
811.001000
811.119000
811.348000
811.568000
811.768000
811.931000
812.066000
812.405000
812.632000
812.781000
812.860000
813.062000
813.353000
813.546000
813.805000
813.892000
814.046000
814.343000
814.554000
814.734000
814.976000
815.166000
815.315000
815.563000
815.822000
815.927000
816.150000
816.362000
816.606000
816.782000
816.902000
817.153000
817.342000
817.564000
817.776000
817.918000
818.141000
818.300000
818.515000
818.788000
818.914000
819.141000
819.361000
819.558000
819.742000
819.943000
820.132000
820.366000
820.657000
820.666000
820.991000
821.183000
821.391000
821.530000
821.735000
821.988000
822.180000
822.396000
822.574000
822.626000
822.878000
823.149000
823.397000
823.326000
823.707000
823.935000
824.177000
824.335000
824.563000
824.704000
824.882000
825.100000
825.338000
825.546000
825.786000
825.989000
826.106000
826.433000
826.467000
826.714000
826.939000
827.118000
827.264000
827.487000
827.842000
827.872000
828.088000
828.337000
828.483000
828.743000
828.957000
829.196000
829.253000
829.546000
829.695000
829.942000
830.167000
830.351000
830.489000
830.758000
830.947000
831.111000
831.317000
831.561000
831.723000
831.914000
832.137000
832.275000
832.495000
832.782000
832.987000
833.162000
833.285000
833.510000
833.672000
833.884000
834.143000
834.302000
834.535000
834.772000
834.941000
835.156000
835.377000
835.539000
835.821000
835.992000
836.144000
836.307000
836.556000
836.729000
837.002000
837.102000
837.334000
837.536000
837.724000
837.929000
838.072000
838.278000
838.547000
838.734000
838.991000
839.118000
839.383000
839.593000
839.688000
839.911000
840.100000
840.363000
840.437000
840.733000
840.927000
841.148000
841.307000
841.548000
841.691000
841.889000
842.102000
842.343000
842.643000
842.746000
842.931000
843.142000
843.301000
843.539000
843.814000
843.874000
844.108000
844.324000
844.548000
844.749000
844.943000
845.156000
845.262000
845.553000
845.716000
845.940000
846.146000
846.334000
846.560000
846.767000
846.982000
847.047000
847.279000
847.495000
847.681000
847.942000
848.170000
848.270000
848.499000
848.739000
848.934000
849.080000
849.314000
849.617000
849.704000
849.947000
850.186000
850.378000
850.659000
850.724000
850.889000
851.204000
851.319000
851.618000
851.739000
851.864000
852.162000
852.381000
852.598000
852.759000
852.961000
853.116000
853.395000
853.512000
853.777000
853.965000
854.158000
854.346000
854.505000
854.768000
854.965000
855.142000
855.420000
855.481000
855.690000
855.884000
856.134000
856.420000
856.529000
856.713000
856.883000
857.172000
857.400000
857.510000
857.678000
857.931000
858.086000
858.320000
858.602000
858.760000
858.917000
859.144000
859.422000
859.583000
859.761000
859.932000
860.149000
860.330000
860.590000
860.736000
860.891000
861.152000
861.295000
861.539000
861.690000
861.946000
862.123000
862.313000
862.499000
862.738000
862.995000
863.206000
863.310000
863.445000
863.700000
863.995000
864.169000
864.392000
864.584000
864.696000
864.926000
865.182000
865.413000
865.586000
865.748000
865.888000
866.173000
866.332000
866.501000
866.789000
866.885000
867.151000
867.342000
867.490000
867.761000
868.002000
868.156000
868.329000
868.541000
868.710000
868.930000
869.059000
869.454000
869.483000
869.686000
869.971000
870.098000
870.295000
870.496000
870.727000
870.985000
871.175000
871.321000
871.414000
871.771000
871.939000
872.130000
872.313000
872.453000
872.699000
872.992000
873.249000
873.374000
873.506000
873.703000
873.943000
874.109000
874.287000
874.531000
874.715000
874.931000
875.119000
875.339000
875.526000
875.769000
875.968000
876.187000
876.346000
876.473000
876.737000
876.951000
877.176000
877.354000
877.542000
877.714000
877.813000
878.213000
878.408000
878.594000
878.708000
878.915000
879.117000
879.290000
879.592000
879.743000
879.850000
880.112000
880.334000
880.572000
880.754000
880.892000
881.111000
881.345000
881.563000
881.688000
881.902000
882.093000
882.311000
882.522000
882.790000
882.944000
883.167000
883.364000
883.612000
883.821000
883.889000
884.152000
884.311000
884.538000
884.742000
885.022000
885.160000
885.397000
885.414000
885.729000
885.947000
886.173000
886.373000
886.460000
886.737000
887.022000
887.139000
887.311000
887.524000
887.798000
887.987000
888.120000
888.314000
888.524000
888.753000
888.958000
889.124000
889.348000
889.464000
889.737000
889.903000
890.151000
890.374000
890.523000
890.680000
890.862000
891.148000
891.325000
891.615000
891.737000
891.906000
892.110000
892.304000
892.526000
892.783000
892.905000
893.067000
893.310000
893.609000
893.760000
893.931000
894.093000
894.291000
894.535000
894.793000
894.979000
895.109000
895.299000
895.533000
895.801000
895.983000
896.165000
896.278000
896.474000
896.717000
896.914000
897.111000
897.339000
897.483000
897.823000
897.948000
898.117000
898.288000
898.462000
898.667000
898.971000
899.132000
899.273000
899.550000
899.771000
899.940000
900.154000
900.406000
900.579000
900.753000
900.893000
901.091000
901.269000
901.630000
901.728000
901.983000
902.070000
902.369000
902.522000
902.732000
902.905000
903.197000
903.310000
903.455000
903.773000
903.940000
904.090000
904.273000
904.427000
904.726000
904.980000
905.220000
905.279000
905.484000
905.681000
905.948000
906.221000
906.314000
906.465000
906.680000
906.921000
907.260000
907.393000
907.526000
907.704000
907.875000
908.087000
908.332000
908.631000
908.735000
908.851000
909.102000
909.341000
909.524000
909.740000
909.985000
910.189000
910.315000
910.580000
910.704000
910.902000
911.123000
911.366000
911.581000
911.665000
911.926000
912.133000
912.297000
912.454000
912.725000
912.966000
913.093000
913.362000
913.512000
913.740000
913.950000
914.039000
914.300000
914.553000
914.799000
914.899000
915.143000
915.233000
915.505000
915.721000
915.959000
916.248000
916.272000
916.537000
916.678000
916.904000
917.181000
917.352000
917.550000
917.636000
917.972000
918.185000
918.344000
918.593000
918.717000
918.972000
919.134000
919.293000
919.527000
919.676000
919.952000
920.148000
920.341000
920.523000
920.723000
920.960000
921.210000
921.337000
921.556000
921.768000
921.918000
922.182000
922.339000
922.501000
922.816000
922.992000
923.208000
923.359000
923.497000
923.808000
923.974000
924.143000
924.247000
924.491000
924.685000
924.964000
925.158000
925.293000
925.489000
925.715000
925.948000
926.158000
926.331000
926.581000
926.778000
926.837000
927.086000
927.275000
927.465000
927.713000
927.915000
928.135000
928.244000
928.412000
928.798000
929.029000
929.144000
929.378000
929.493000
929.700000
929.991000
930.149000
930.380000
930.527000
930.720000
930.934000
931.172000
931.372000
931.535000
931.751000
931.933000
932.162000
932.352000
932.541000
932.759000
932.994000
933.115000
933.336000
933.581000
933.750000
933.961000
934.242000
934.303000
934.475000
934.661000
935.015000
935.133000
935.281000
935.607000
935.745000
935.914000
936.142000
936.258000
936.555000
936.777000
936.993000
937.108000
937.275000
937.520000
937.722000
937.923000
938.151000
938.353000
938.555000
938.695000
938.957000
939.160000
939.319000
939.545000
939.771000
939.927000
940.123000
940.414000
940.556000
940.672000
940.861000
941.028000
941.416000
941.609000
941.788000
941.979000
942.159000
942.343000
942.550000
942.719000
942.933000
943.150000
943.398000
943.500000
943.743000
943.972000
944.153000
944.363000
944.565000
944.714000
944.907000
945.145000
945.317000
945.576000
945.784000
945.943000
946.142000
946.360000
946.589000
946.730000
946.830000
946.997000
947.399000
947.589000
947.731000
947.940000
948.160000
948.333000
948.530000
948.752000
948.972000
949.153000
949.367000
949.490000
949.705000
949.961000
950.160000
950.320000
950.539000
950.678000
950.836000
951.151000
951.456000
951.517000
951.794000
951.892000
952.125000
952.369000
952.496000
952.693000
952.879000
953.112000
953.347000
953.546000
953.729000
953.886000
954.078000
954.248000
954.525000
954.793000
955.022000
955.177000
955.372000
955.505000
955.737000
955.934000
956.200000
956.301000
956.470000
956.775000
956.921000
957.110000
957.252000
957.473000
957.713000
957.954000
958.168000
958.331000
958.540000
958.674000
958.974000
959.093000
959.290000
959.483000
959.740000
959.894000
960.103000
960.329000
960.599000
960.828000
960.932000
961.196000
961.327000
961.506000
961.695000
961.976000
962.146000
962.263000
962.495000
962.739000
962.887000
963.169000
963.339000
963.541000
963.687000
963.935000
964.174000
964.267000
964.513000
964.741000
964.888000
965.210000
965.269000
965.472000
965.687000
965.985000
966.151000
966.345000
966.514000
966.781000
966.966000
967.087000
967.350000
967.536000
967.741000
967.970000
968.084000
968.296000
968.520000
968.773000
969.026000
969.173000
969.307000
969.450000
969.610000
969.942000
970.145000
970.323000
970.484000
970.678000
970.782000
971.221000
971.373000
971.616000
971.733000
971.918000
972.132000
972.282000
972.505000
972.742000
972.960000
973.154000
973.334000
973.563000
973.750000
973.984000
974.176000
974.402000
974.588000
974.722000
974.900000
975.046000
975.193000
975.439000
975.798000
975.961000
976.094000
976.333000
976.488000
976.683000
976.947000
977.252000
977.328000
977.574000
977.744000
977.912000
978.162000
978.335000
978.484000
978.711000
979.036000
979.159000
979.286000
979.540000
979.733000
979.928000
980.136000
980.401000
980.550000
980.747000
980.958000
981.213000
981.348000
981.548000
981.795000
981.934000
982.127000
982.335000
982.568000
982.739000
982.939000
983.140000
983.350000
983.468000
983.780000
983.908000
984.174000
984.359000
984.650000
984.794000
985.018000
985.135000
985.326000
985.471000
985.784000
985.982000
986.153000
986.359000
986.511000
986.715000
986.814000
987.147000
987.342000
987.518000
987.788000
987.907000
988.122000
988.365000
988.508000
988.735000
988.928000
989.097000
989.347000
989.532000
989.770000
989.872000
990.114000
990.431000
990.540000
990.725000
990.943000
991.162000
991.325000
991.540000
991.739000
991.933000
992.092000
992.285000
992.474000
992.729000
992.963000
993.149000
993.291000
993.474000
993.774000
993.932000
994.067000
994.287000
994.483000
994.737000
994.999000
995.142000
995.392000
995.592000
995.775000
995.960000
996.141000
996.323000
996.507000
996.757000
996.954000
997.112000
997.392000
997.623000
997.719000
997.864000
998.150000
998.394000
998.588000
998.860000
998.967000
999.091000
999.239000
999.530000
999.777000
999.927000
1000.160000
1000.310000
1000.540000
1000.740000
1000.880000
1001.090000
1001.350000
1001.470000
1001.700000
1001.950000
1002.080000
1002.420000
1002.600000
1002.720000
1002.960000
1003.130000
1003.320000
1003.550000
1003.730000
1003.910000
1004.170000
1004.300000
1004.520000
1004.660000
1004.870000
1005.130000
1005.240000
1005.480000
1005.700000
1005.940000
1006.160000
1006.410000
1006.570000
1006.610000
1006.900000
1007.130000
1007.340000
1007.620000
1007.680000
1007.930000
1008.130000
1008.350000
1008.510000
1008.660000
1008.940000
1009.070000
1009.350000
1009.510000
1009.720000
1009.920000
1010.160000
1010.270000
1010.570000
1010.670000
1010.930000
1011.110000
1011.300000
1011.530000
1011.840000
1011.980000
1012.100000
1012.330000
1012.560000
1012.780000
1012.950000
1013.120000
1013.360000
1013.550000
1013.700000
1013.970000
1014.110000
1014.350000
1014.580000
1014.720000
1014.840000
1015.150000
1015.330000
1015.590000
1015.770000
1015.840000
1016.120000
1016.420000
1016.560000
1016.610000
1017.010000
1017.120000
1017.310000
1017.570000
1017.800000
1017.970000
1018.030000
1018.300000
1018.480000
1018.750000
1019.020000
1019.220000
1019.360000
1019.520000
1019.680000
1019.900000
1020.160000
1020.410000
1020.510000
1020.800000
1020.940000
1021.100000
1021.430000
1021.600000
1021.690000
1021.890000
1022.070000
1022.370000
1022.540000
1022.740000
1022.950000
1023.020000
1023.300000
1023.570000
1023.710000
1023.870000
1024.070000
1024.340000
1024.500000
1024.760000
1024.900000
1025.160000
1025.350000
1025.560000
1025.780000
1025.940000
1026.240000
1026.320000
1026.490000
1026.730000
1026.930000
1027.150000
1027.350000
1027.510000
1027.730000
1027.900000
1028.200000
1028.400000
1028.600000
1028.720000
1028.890000
1029.210000
1029.350000
1029.550000
1029.780000
1029.990000
1030.090000
1030.280000
1030.610000
1030.720000
1030.860000
1031.170000
1031.280000
1031.600000
1031.710000
1031.930000
1032.180000
1032.390000
1032.530000
1032.750000
1032.950000
1033.090000
1033.320000
1033.510000
1033.790000
1033.930000
1033.910000
1034.230000
1034.480000
1034.780000
1035.070000
1035.040000
1035.330000
1035.600000
1035.740000
1035.990000
1036.140000
1036.290000
1036.580000
1036.690000
1037.010000
1037.060000
1037.330000
1037.550000
1037.770000
1037.940000
1038.180000
1038.370000
1038.490000
1038.710000
1038.950000
1039.160000
1039.380000
1039.410000
1039.720000
1039.830000
1040.170000
1040.390000
1040.550000
1040.730000
1040.910000
1041.050000
1041.320000
1041.610000
1041.770000
1041.900000
1042.090000
1042.240000
1042.520000
1042.720000
1042.900000
1043.130000
1043.320000
1043.550000
1043.760000
1043.930000
1044.100000
1044.250000
1044.570000
1044.770000
1044.950000
1045.070000
1045.280000
1045.550000
1045.740000
1045.870000
1046.110000
1046.330000
1046.550000
1046.760000
1046.930000
1047.130000
1047.260000
1047.450000
1047.790000
1048.010000
