582.982000
583.209000
583.381000
583.557000
583.841000
583.973000
584.158000
584.315000
584.578000
584.770000
585.117000
585.152000
585.369000
585.548000
585.838000
586.088000
586.253000
586.458000
586.533000
586.767000
586.931000
587.229000
587.357000
587.544000
587.682000
587.944000
588.173000
588.433000
588.596000
588.703000
588.929000
589.170000
589.421000
589.630000
589.817000
589.941000
590.096000
590.351000
590.627000
590.833000
590.923000
591.164000
591.380000
591.649000
591.782000
592.005000
592.152000
592.389000
592.684000
592.756000
593.030000
593.211000
593.377000
593.655000
593.752000
593.959000
594.143000
594.411000
594.580000
594.842000
594.981000
595.086000
595.387000
595.589000
595.854000
596.057000
596.152000
596.275000
596.553000
596.770000
597.035000
597.251000
597.400000
597.456000
597.721000
597.998000
598.276000
598.457000
598.628000
598.778000
598.956000
599.162000
599.417000
599.621000
599.764000
599.925000
600.165000
600.333000
600.610000
600.839000
600.957000
601.168000
601.362000
601.588000
601.815000
601.914000
602.087000
602.395000
602.527000
602.808000
602.946000
603.138000
603.366000
603.562000
603.831000
603.997000
604.182000
604.332000
604.565000
604.793000
604.995000
605.157000
605.384000
605.635000
605.838000
606.022000
606.216000
606.326000
606.594000
606.845000
607.018000
607.138000
607.395000
607.600000
607.752000
607.975000
608.161000
608.428000
608.633000
608.808000
608.941000
609.215000
609.417000
609.560000
609.729000
609.995000
610.189000
610.359000
610.592000
610.785000
610.993000
611.158000
611.395000
611.545000
611.785000
612.020000
612.137000
612.440000
612.580000
612.772000
612.907000
613.100000
613.498000
613.591000
613.713000
613.903000
614.121000
614.393000
614.593000
614.739000
614.935000
615.123000
615.432000
615.691000
615.738000
615.917000
616.113000
616.424000
616.623000
616.843000
617.019000
617.097000
617.327000
617.582000
617.816000
617.996000
618.220000
618.314000
618.637000
618.923000
618.934000
619.206000
619.336000
619.572000
619.774000
619.980000
620.191000
620.366000
620.580000
620.841000
621.004000
621.215000
621.340000
621.555000
621.813000
621.966000
622.238000
622.297000
622.526000
622.870000
623.050000
623.230000
623.440000
623.524000
623.800000
624.005000
624.189000
624.339000
624.523000
624.800000
625.031000
625.242000
625.325000
625.539000
625.776000
626.009000
626.296000
626.424000
626.573000
626.713000
626.970000
627.169000
627.433000
627.604000
627.785000
627.939000
628.171000
628.321000
628.592000
628.809000
629.002000
629.109000
629.423000
629.602000
629.785000
630.034000
630.195000
630.351000
630.545000
630.812000
630.991000
631.239000
631.394000
631.555000
631.771000
632.060000
632.239000
632.459000
632.518000
632.700000
632.916000
633.102000
633.415000
633.576000
633.698000
633.922000
634.128000
634.343000
634.637000
634.852000
635.005000
635.213000
635.454000
635.585000
635.829000
636.019000
636.087000
636.408000
636.603000
636.704000
637.070000
637.214000
637.398000
637.643000
637.693000
638.090000
638.255000
638.455000
638.557000
638.740000
638.977000
639.166000
639.406000
639.623000
639.741000
640.011000
640.145000
640.281000
640.520000
640.793000
641.008000
641.223000
641.365000
641.548000
641.733000
642.070000
642.157000
642.384000
642.578000
642.697000
642.949000
643.188000
643.400000
643.538000
643.685000
643.983000
644.196000
644.434000
644.568000
644.769000
644.988000
645.293000
645.411000
645.583000
645.768000
645.985000
646.230000
646.480000
646.598000
646.813000
646.960000
647.183000
647.380000
647.600000
647.811000
648.024000
648.203000
648.334000
648.621000
648.783000
648.951000
649.257000
649.384000
649.604000
649.780000
649.956000
650.198000
650.383000
650.571000
650.821000
651.013000
651.290000
651.360000
651.525000
651.736000
651.928000
652.194000
652.435000
652.643000
652.754000
652.920000
653.219000
653.393000
653.567000
653.804000
653.879000
654.252000
654.424000
654.602000
654.798000
654.954000
655.183000
655.399000
655.596000
655.774000
655.991000
656.214000
656.437000
656.585000
656.751000
656.937000
657.207000
657.413000
657.643000
657.776000
657.933000
658.110000
658.417000
658.592000
658.807000
658.960000
659.190000
659.430000
659.611000
659.768000
659.927000
660.128000
660.352000
660.670000
660.736000
660.985000
661.147000
661.378000
661.632000
661.842000
662.006000
662.214000
662.348000
662.557000
662.839000
663.016000
663.206000
663.355000
663.534000
663.767000
664.038000
664.191000
664.418000
664.617000
664.720000
664.986000
665.161000
665.451000
665.626000
665.752000
665.963000
666.191000
666.397000
666.661000
666.792000
666.884000
667.221000
667.393000
667.691000
667.801000
667.966000
668.176000
668.400000
668.539000
668.750000
668.989000
669.209000
669.408000
669.577000
669.815000
669.966000
670.169000
670.290000
670.554000
670.743000
670.992000
671.190000
671.388000
671.622000
671.726000
671.873000
672.175000
672.403000
672.618000
672.736000
672.915000
673.190000
673.355000
673.571000
673.762000
673.984000
674.200000
674.344000
674.582000
674.748000
674.991000
675.217000
675.337000
675.561000
675.845000
675.983000
676.168000
676.382000
676.584000
676.771000
676.963000
677.195000
677.436000
677.617000
677.736000
677.941000
678.127000
678.387000
678.644000
678.740000
678.944000
679.077000
679.453000
679.621000
679.753000
680.005000
680.116000
680.337000
680.542000
680.783000
680.982000
681.149000
681.389000
681.517000
681.744000
681.951000
682.202000
682.408000
682.575000
682.768000
682.963000
683.184000
683.452000
683.563000
683.672000
684.014000
684.178000
684.353000
684.552000
684.819000
684.908000
685.085000
685.412000
685.594000
685.769000
685.918000
686.186000
686.384000
686.569000
686.783000
686.979000
687.131000
687.391000
687.623000
687.789000
688.055000
688.222000
688.408000
688.567000
688.781000
688.983000
689.136000
689.426000
689.566000
689.802000
689.998000
690.225000
690.340000
690.591000
690.777000
691.052000
691.262000
691.484000
691.585000
691.724000
691.958000
692.112000
692.380000
692.559000
692.773000
692.976000
693.177000
693.365000
693.610000
693.802000
693.976000
694.173000
694.402000
694.562000
694.822000
695.089000
695.182000
695.352000
695.471000
695.703000
695.989000
696.190000
696.428000
696.651000
696.696000
696.988000
697.202000
697.446000
697.557000
697.747000
697.913000
698.125000
698.429000
698.616000
698.752000
698.921000
699.148000
699.520000
699.676000
699.848000
699.924000
700.223000
700.361000
700.533000
700.730000
700.938000
701.157000
701.425000
701.607000
701.721000
701.927000
702.144000
702.358000
702.574000
702.754000
702.949000
703.127000
703.431000
703.556000
703.778000
703.979000
704.165000
704.417000
704.509000
704.730000
704.975000
705.247000
705.409000
705.654000
705.705000
705.951000
706.216000
706.453000
706.521000
706.705000
706.960000
707.198000
707.462000
707.550000
707.823000
707.955000
708.194000
708.396000
708.564000
708.759000
709.038000
709.197000
709.405000
709.510000
709.772000
710.042000
710.199000
710.362000
710.553000
710.760000
711.045000
711.226000
711.427000
711.575000
711.764000
711.935000
712.204000
712.347000
712.585000
712.749000
712.920000
713.130000
713.425000
713.672000
713.770000
713.927000
714.126000
714.362000
714.694000
714.823000
714.953000
715.110000
715.416000
715.569000
715.778000
715.983000
716.146000
716.286000
716.550000
716.835000
716.980000
717.158000
717.369000
717.591000
717.780000
717.983000
718.194000
718.371000
718.551000
718.758000
718.944000
719.200000
719.472000
719.658000
719.733000
720.003000
720.160000
720.368000
720.608000
720.734000
720.942000
721.194000
721.330000
721.604000
721.824000
721.958000
722.136000
722.400000
722.569000
722.813000
722.983000
723.123000
723.445000
723.694000
723.754000
723.890000
724.156000
724.408000
724.595000
724.768000
724.951000
725.187000
725.358000
725.539000
725.803000
725.981000
726.135000
726.322000
726.574000
726.813000
726.988000
727.145000
727.353000
727.654000
727.780000
728.024000
728.210000
728.449000
728.557000
728.796000
728.988000
729.168000
729.305000
729.622000
729.855000
729.997000
730.183000
730.332000
730.557000
730.753000
731.052000
731.191000
731.307000
731.544000
731.805000
732.054000
732.224000
732.501000
732.563000
732.732000
733.033000
733.254000
733.355000
733.521000
733.768000
733.996000
734.205000
734.423000
734.536000
734.800000
734.947000
735.172000
735.412000
735.511000
735.719000
735.961000
736.194000
736.372000
736.533000
736.733000
736.969000
737.195000
737.343000
737.498000
737.770000
737.980000
738.240000
738.443000
738.611000
738.714000
738.945000
739.173000
739.368000
739.579000
739.771000
739.986000
740.184000
740.436000
740.627000
740.797000
740.920000
741.138000
741.436000
741.616000
741.770000
742.039000
742.164000
742.434000
742.567000
742.850000
742.901000
743.160000
743.395000
743.578000
743.754000
744.061000
744.215000
744.383000
744.538000
744.765000
744.988000
745.179000
745.354000
745.591000
745.840000
745.962000
746.281000
746.383000
746.524000
746.778000
746.984000
747.238000
747.390000
747.604000
747.760000
747.993000
748.223000
748.334000
748.597000
748.793000
748.992000
749.183000
749.388000
749.550000
749.745000
750.026000
750.176000
750.401000
750.616000
750.757000
750.971000
751.152000
751.374000
751.624000
751.787000
751.960000
752.139000
752.421000
752.583000
752.842000
752.961000
753.097000
753.439000
753.612000
753.785000
753.925000
754.195000
754.404000
754.612000
754.808000
755.008000
755.221000
755.375000
755.565000
755.740000
755.986000
756.185000
756.380000
756.523000
756.738000
756.911000
757.115000
757.367000
757.689000
757.774000
758.035000
758.133000
758.378000
758.605000
758.736000
758.934000
759.200000
759.354000
759.618000
759.810000
760.005000
760.180000
760.378000
760.596000
760.778000
760.995000
761.155000
761.349000
761.615000
761.774000
762.028000
762.111000
762.328000
762.592000
762.863000
763.009000
763.214000
763.444000
763.580000
763.749000
763.923000
764.161000
764.386000
764.589000
764.750000
764.973000
765.113000
765.357000
765.664000
765.790000
765.913000
766.181000
766.388000
766.625000
766.798000
766.951000
767.142000
767.324000
767.603000
767.771000
768.003000
768.162000
768.361000
768.632000
768.742000
768.955000
769.156000
769.316000
769.621000
769.795000
769.976000
770.250000
770.329000
770.536000
770.696000
771.004000
771.170000
771.353000
771.641000
771.819000
771.945000
772.173000
772.403000
772.576000
772.811000
772.959000
773.191000
773.387000
773.560000
773.797000
774.011000
774.078000
774.362000
774.595000
774.803000
774.984000
775.166000
775.337000
775.684000
775.817000
775.930000
776.112000
776.339000
776.567000
776.772000
776.997000
777.106000
777.436000
777.622000
777.829000
777.973000
778.202000
778.413000
778.505000
778.754000
779.014000
779.145000
779.398000
779.567000
779.819000
779.962000
780.207000
780.427000
780.586000
780.799000
780.974000
781.125000
781.383000
781.576000
781.789000
782.034000
782.158000
782.364000
782.562000
782.809000
783.000000
783.179000
783.345000
783.526000
783.774000
783.980000
784.214000
784.388000
784.594000
784.799000
785.007000
785.199000
785.418000
785.575000
785.795000
786.007000
786.161000
786.357000
786.542000
786.691000
787.069000
787.178000
787.412000
787.619000
787.806000
787.982000
788.117000
788.417000
788.626000
788.806000
788.954000
789.203000
789.342000
789.568000
789.741000
789.990000
790.121000
790.375000
790.561000
790.773000
791.030000
791.130000
791.393000
791.572000
791.755000
791.998000
792.177000
792.378000
792.653000
792.783000
793.019000
793.232000
793.449000
793.557000
793.843000
794.028000
794.171000
794.400000
794.581000
794.791000
794.902000
795.213000
795.442000
795.609000
795.786000
795.973000
796.195000
796.346000
796.632000
796.823000
796.944000
797.178000
797.383000
797.583000
797.772000
797.937000
798.187000
798.380000
798.619000
798.705000
798.989000
799.202000
799.397000
799.627000
799.759000
799.992000
800.125000
800.542000
800.581000
800.795000
800.946000
801.139000
801.339000
801.610000
801.792000
801.937000
802.136000
802.372000
802.528000
802.777000
802.916000
803.171000
803.384000
803.602000
803.876000
803.969000
804.146000
804.337000
804.582000
804.773000
804.970000
805.113000
805.359000
805.572000
805.835000
806.045000
806.204000
806.353000
806.481000
806.882000
806.972000
807.193000
807.325000
807.597000
807.807000
807.929000
808.203000
808.307000
808.580000
808.821000
808.988000
809.113000
809.311000
809.502000
809.744000
810.032000
810.209000
810.331000
810.525000
810.830000
811.007000
811.166000
811.360000
811.638000
811.796000
811.955000
812.172000
812.353000
812.495000
812.798000
813.005000
813.206000
813.324000
813.556000
813.765000
813.976000
814.175000
814.443000
814.625000
814.780000
814.902000
815.168000
815.408000
815.569000
815.738000
816.073000
816.292000
816.384000
816.524000
816.868000
816.989000
817.154000
817.356000
817.628000
817.776000
818.007000
818.171000
818.303000
818.579000
818.791000
818.945000
819.208000
819.443000
819.564000
819.754000
819.934000
820.175000
820.376000
820.587000
820.848000
820.982000
821.195000
821.326000
821.529000
821.787000
822.034000
822.225000
822.365000
822.548000
822.778000
823.032000
823.116000
823.347000
823.660000
823.794000
823.901000
824.168000
824.374000
824.648000
824.799000
824.962000
825.151000
825.391000
825.579000
825.748000
825.955000
826.174000
826.396000
826.632000
826.776000
826.913000
827.162000
827.374000
827.522000
827.814000
827.977000
828.163000
828.393000
828.579000
828.808000
829.000000
829.136000
829.360000
829.572000
829.805000
830.076000
830.193000
830.320000
830.573000
830.777000
831.023000
831.237000
831.369000
831.550000
831.808000
831.995000
832.216000
832.361000
832.470000
832.747000
833.022000
833.239000
833.369000
833.565000
833.767000
833.999000
834.263000
834.463000
834.526000
834.692000
834.989000
835.161000
835.393000
835.644000
835.751000
835.924000
836.117000
836.376000
836.660000
836.849000
837.009000
837.163000
837.459000
837.608000
837.810000
837.894000
838.128000
838.393000
838.676000
838.750000
838.933000
839.089000
839.302000
839.566000
839.799000
839.919000
840.150000
840.315000
840.612000
840.835000
841.008000
841.211000
841.319000
841.590000
841.777000
842.004000
842.180000
842.347000
842.524000
842.773000
842.994000
843.183000
843.378000
843.602000
843.758000
843.945000
844.207000
844.354000
844.598000
844.740000
844.964000
845.161000
845.323000
845.621000
845.810000
845.959000
846.193000
846.350000
846.629000
846.791000
846.977000
847.139000
847.375000
847.661000
847.768000
847.941000
848.152000
848.372000
848.583000
848.741000
849.014000
849.116000
849.358000
849.623000
849.761000
849.978000
850.140000
850.398000
850.628000
850.823000
851.012000
851.180000
851.402000
851.578000
851.755000
851.967000
852.158000
852.345000
852.599000
852.784000
852.903000
853.117000
853.314000
853.578000
853.815000
853.952000
854.181000
854.359000
854.592000
854.764000
854.929000
855.163000
855.376000
855.548000
855.826000
855.927000
856.160000
856.409000
856.597000
856.753000
856.962000
857.241000
857.380000
857.563000
857.844000
858.003000
858.104000
858.428000
858.579000
858.714000
858.948000
859.233000
859.323000
859.546000
859.763000
859.993000
860.202000
860.435000
860.630000
860.792000
860.957000
861.119000
861.444000
861.668000
861.769000
862.018000
862.197000
862.483000
862.621000
862.772000
862.942000
863.151000
863.370000
863.565000
863.782000
863.940000
864.272000
864.367000
864.629000
864.885000
864.975000
865.181000
865.374000
865.689000
865.801000
865.950000
866.216000
866.357000
866.627000
866.802000
866.974000
867.192000
867.351000
867.533000
867.767000
868.063000
868.223000
868.361000
868.541000
868.713000
868.989000
869.149000
869.356000
869.562000
869.848000
869.930000
870.150000
870.416000
870.592000
870.783000
870.943000
871.233000
871.420000
871.613000
871.735000
871.970000
872.201000
872.312000
872.551000
872.799000
873.016000
873.191000
873.363000
873.559000
873.759000
873.932000
874.235000
874.411000
874.543000
874.740000
874.957000
875.175000
875.376000
875.677000
875.737000
875.941000
876.129000
876.376000
876.563000
876.854000
876.976000
877.210000
877.392000
877.604000
877.885000
877.936000
878.086000
878.320000
878.582000
878.845000
879.013000
879.188000
879.350000
879.557000
879.821000
880.008000
880.206000
880.346000
880.521000
880.756000
880.968000
881.149000
881.385000
881.546000
881.820000
881.960000
882.095000
882.389000
882.525000
882.733000
883.010000
883.230000
883.397000
883.531000
883.783000
883.912000
884.128000
884.418000
884.592000
884.748000
884.956000
885.090000
885.423000
885.569000
885.837000
885.930000
886.176000
886.364000
886.578000
886.818000
887.009000
887.156000
887.396000
887.577000
887.775000
888.050000
888.220000
888.270000
888.578000
888.817000
889.085000
889.202000
889.336000
889.611000
889.799000
889.939000
890.171000
890.370000
890.589000
890.813000
890.954000
891.226000
891.408000
891.518000
891.822000
892.010000
892.206000
892.356000
892.598000
892.710000
892.909000
893.196000
893.376000
893.604000
893.738000
893.924000
894.211000
894.414000
894.622000
894.750000
894.960000
895.134000
895.409000
895.622000
895.760000
895.978000
896.168000
896.283000
896.559000
896.802000
897.034000
897.202000
897.302000
897.553000
897.818000
898.061000
898.257000
898.371000
898.564000
898.735000
898.935000
899.218000
899.380000
899.587000
899.741000
899.897000
900.202000
900.395000
900.602000
900.809000
900.865000
901.142000
901.454000
901.648000
901.847000
901.932000
902.175000
902.365000
902.621000
902.820000
903.026000
903.209000
903.331000
903.564000
903.822000
903.991000
904.219000
904.326000
904.597000
904.742000
905.028000
905.214000
905.348000
905.605000
905.765000
905.966000
906.144000
906.312000
906.624000
906.779000
906.981000
907.203000
907.378000
907.538000
907.775000
907.985000
908.196000
908.382000
908.558000
908.778000
908.963000
909.296000
909.376000
909.548000
909.838000
910.029000
910.140000
910.369000
910.526000
910.777000
910.949000
911.174000
911.421000
911.504000
911.743000
911.962000
912.252000
912.344000
912.578000
912.765000
912.932000
913.130000
913.418000
913.674000
913.772000
913.966000
914.165000
914.368000
914.579000
914.864000
914.950000
915.164000
915.382000
915.593000
915.805000
915.996000
916.199000
916.365000
916.557000
916.778000
916.948000
917.219000
917.374000
917.543000
917.793000
918.014000
918.171000
918.399000
918.601000
918.810000
918.995000
919.204000
919.315000
919.613000
919.870000
920.002000
920.181000
920.375000
920.569000
920.769000
921.038000
921.168000
921.342000
921.593000
921.855000
922.009000
922.183000
922.426000
922.535000
922.746000
923.019000
923.288000
923.341000
923.501000
923.816000
923.959000
924.180000
924.373000
924.593000
924.807000
924.976000
925.242000
925.367000
925.580000
925.770000
925.989000
926.204000
926.359000
926.656000
926.797000
926.969000
927.178000
927.432000
927.594000
927.777000
927.942000
928.177000
928.392000
928.587000
928.869000
928.962000
929.025000
929.357000
929.654000
929.813000
929.972000
930.152000
930.353000
930.597000
930.783000
930.980000
931.130000
931.365000
931.585000
931.808000
931.992000
932.212000
932.451000
932.548000
932.728000
933.005000
933.167000
933.395000
933.656000
933.751000
933.961000
934.130000
934.419000
934.630000
934.843000
934.946000
935.122000
935.394000
935.620000
935.754000
935.995000
936.151000
936.373000
936.639000
936.774000
936.987000
937.097000
937.378000
937.618000
937.851000
938.033000
938.204000
938.318000
938.567000
938.755000
938.948000
939.207000
939.334000
939.508000
939.749000
939.997000
940.150000
940.338000
940.512000
940.724000
940.953000
941.158000
941.380000
941.526000
941.751000
941.980000
942.212000
942.373000
942.538000
942.774000
942.998000
943.212000
943.416000
943.566000
943.788000
943.972000
944.158000
944.370000
944.575000
944.743000
945.007000
945.168000
945.370000
945.580000
945.804000
945.990000
946.224000
946.416000
946.552000
946.763000
946.997000
947.171000
947.381000
947.507000
947.732000
947.977000
948.190000
948.353000
948.600000
948.769000
949.046000
949.157000
949.329000
949.549000
949.780000
949.938000
950.152000
950.405000
950.470000
950.786000
951.032000
951.197000
951.386000
951.563000
951.792000
952.045000
952.206000
952.340000
952.542000
952.717000
952.861000
953.154000
953.370000
953.616000
953.769000
953.891000
954.160000
954.366000
954.589000
954.772000
954.933000
955.162000
955.363000
955.554000
955.795000
955.981000
956.219000
956.340000
956.502000
956.741000
956.988000
957.134000
957.370000
957.565000
957.805000
958.073000
958.177000
958.375000
958.548000
958.790000
959.047000
959.093000
959.387000
959.613000
959.862000
959.986000
960.185000
960.384000
960.589000
960.765000
961.054000
961.192000
961.386000
961.565000
961.784000
961.986000
962.108000
962.432000
962.576000
962.741000
963.017000
963.206000
963.381000
963.557000
963.771000
964.021000
964.172000
964.430000
964.568000
964.712000
965.038000
965.269000
965.376000
965.585000
965.760000
965.941000
966.192000
966.341000
966.559000
966.801000
966.991000
967.203000
967.336000
967.649000
967.792000
968.032000
968.184000
968.354000
968.566000
968.847000
968.990000
969.138000
969.340000
969.588000
969.767000
969.992000
970.204000
970.371000
970.561000
970.779000
971.008000
971.116000
971.395000
971.584000
971.784000
971.954000
972.194000
972.424000
972.569000
972.780000
972.951000
973.230000
973.386000
973.650000
973.798000
973.949000
974.218000
974.433000
974.505000
974.725000
974.965000
975.239000
975.434000
975.582000
975.780000
975.973000
976.161000
976.418000
976.677000
976.818000
977.001000
977.191000
977.444000
977.646000
977.827000
977.999000
978.155000
978.327000
978.673000
978.825000
979.076000
979.188000
979.363000
979.561000
979.780000
979.983000
980.159000
980.370000
980.599000
980.785000
980.985000
981.156000
981.491000
981.614000
981.750000
981.953000
982.148000
982.326000
982.566000
982.836000
983.084000
983.188000
983.416000
983.576000
983.786000
983.996000
984.208000
984.403000
984.595000
984.777000
985.052000
985.257000
985.378000
985.534000
985.732000
986.042000
986.256000
986.428000
986.594000
986.830000
986.905000
987.110000
987.429000
987.570000
987.767000
987.997000
988.164000
988.360000
988.585000
988.778000
988.980000
989.224000
989.397000
989.540000
989.746000
989.935000
990.275000
990.379000
990.522000
990.802000
991.000000
991.162000
991.384000
991.558000
991.766000
991.983000
992.239000
992.366000
992.502000
992.729000
993.010000
993.213000
993.394000
993.542000
993.745000
993.974000
994.237000
994.421000
994.614000
994.736000
994.926000
995.158000
995.392000
995.587000
995.773000
995.993000
996.209000
996.380000
996.564000
996.770000
997.035000
997.236000
997.391000
997.581000
997.820000
997.972000
998.116000
998.413000
998.566000
998.832000
999.071000
999.237000
999.328000
999.536000
999.800000
999.926000
1000.190000
1000.380000
1000.540000
1000.730000
1000.980000
1001.170000
1001.340000
1001.630000
1001.830000
1002.040000
1002.170000
1002.350000
1002.500000
1002.830000
1002.960000
1003.190000
1003.380000
1003.520000
1003.790000
1004.100000
1004.280000
1004.380000
1004.540000
1004.680000
1004.950000
1005.240000
1005.450000
1005.550000
1005.700000
1005.920000
1006.180000
1006.400000
1006.600000
1006.750000
1006.890000
1007.140000
1007.460000
1007.670000
1007.810000
1007.960000
1008.230000
1008.300000
1008.560000
1008.820000
1009.000000
1009.170000
1009.430000
1009.610000
1009.780000
1010.020000
1010.140000
1010.290000
1010.580000
1010.790000
1011.010000
1011.210000
1011.320000
1011.530000
1011.800000
1012.040000
1012.190000
1012.410000
1012.580000
1012.720000
1012.990000
1013.190000
1013.390000
1013.520000
1013.750000
1013.930000
1014.210000
1014.370000
1014.630000
1014.740000
1015.030000
1015.150000
1015.460000
1015.600000
1015.730000
1015.910000
1016.150000
1016.380000
1016.590000
1016.810000
1016.980000
1017.160000
1017.390000
1017.580000
1017.790000
1017.960000
1018.130000
1018.390000
1018.590000
1018.800000
1018.940000
1019.140000
1019.400000
1019.590000
1019.750000
1020.020000
1020.170000
1020.380000
1020.530000
1020.780000
1020.980000
1021.170000
1021.380000
1021.600000
1021.720000
1021.970000
1022.170000
1022.360000
1022.600000
1022.750000
1022.970000
1023.290000
1023.400000
1023.610000
1023.780000
1023.920000
1024.140000
1024.390000
1024.610000
1024.820000
1024.940000
1025.110000
1025.330000
1025.530000
1025.730000
1025.940000
1026.180000
1026.390000
1026.520000
1026.740000
1026.920000
1027.190000
1027.400000
1027.620000
1027.750000
1028.030000
1028.190000
1028.370000
1028.450000
1028.780000
1029.000000
1029.210000
1029.420000
1029.600000
1029.800000
1030.000000
1030.160000
1030.290000
1030.600000
1030.810000
1030.990000
1031.180000
1031.340000
1031.530000
1031.730000
1031.960000
1032.220000
1032.420000
1032.660000
1032.840000
1032.930000
1033.110000
1033.340000
1033.640000
1033.820000
1033.960000
1034.240000
1034.430000
1034.600000
1034.780000
1034.970000
1035.190000
1035.380000
1035.620000
1035.830000
1036.020000
1036.140000
1036.420000
1036.570000
1036.710000
1036.910000
1037.180000
1037.380000
1037.520000
1037.680000
1037.980000
1038.270000
1038.490000
1038.550000
1038.690000
1038.950000
1039.220000
1039.390000
1039.600000
1039.710000
1039.980000
1040.210000
1040.390000
1040.460000
1040.720000
1041.010000
1041.180000
1041.440000
1041.560000
1041.800000
1041.990000
1042.280000
1042.430000
1042.580000
1042.770000
1043.000000
1043.160000
1043.380000
1043.610000
1043.860000
1043.960000
1044.170000
1044.340000
1044.570000
1044.800000
1044.940000
1045.230000
1045.480000
1045.550000
1045.800000
1045.970000
1046.130000
1046.300000
1046.570000
1046.770000
1046.930000
1047.240000
1047.370000
1047.600000
1047.800000
1047.940000
1048.180000
1048.420000
1048.600000
1048.750000
1048.900000
1049.190000
1049.390000
1049.550000
1049.740000
1049.940000
1050.160000
1050.350000
1050.660000
1050.830000
1050.990000
1051.170000
1051.380000
1051.580000
1051.730000
1051.950000
1052.180000
1052.400000
1052.600000
1052.790000
1053.020000
1053.150000
1053.390000
1053.540000
1053.790000
1054.020000
1054.180000
1054.370000
1054.630000
1054.740000
1054.940000
1055.250000
1055.490000
1055.670000
1055.750000
1055.890000
1056.160000
1056.370000
1056.620000
1056.780000
1056.980000
1057.200000
1057.360000
1057.610000
1057.840000
1058.020000
1058.120000
1058.340000
1058.580000
1058.770000
1058.980000
1059.130000
1059.400000
1059.600000
1059.810000
1059.950000
1060.240000
1060.390000
1060.590000
1060.710000
1060.960000
1061.190000
1061.400000
1061.600000
1061.730000
1061.950000
1062.210000
1062.390000
1062.610000
1062.790000
1062.910000
1063.180000
1063.430000
1063.600000
1063.750000
1063.910000
1064.200000
1064.390000
1064.600000
1064.790000
1064.950000
1065.170000
1065.400000
1065.570000
1065.780000
1065.940000
1066.220000
1066.410000
1066.550000
1066.780000
1066.920000
1067.160000
1067.350000
1067.590000
1067.800000
1067.980000
1068.140000
1068.390000
1068.570000
1068.770000
1068.950000
1069.160000
1069.280000
1069.670000
1069.840000
1070.030000
1070.090000
1070.390000
1070.560000
1070.790000
1070.970000
1071.190000
1071.360000
1071.600000
1071.760000
1072.000000
1072.140000
1072.400000
1072.580000
1072.820000
1072.940000
1073.150000
1073.380000
1073.550000
1073.740000
1073.940000
1074.190000
1074.460000
1074.610000
1074.740000
1074.940000
1075.140000
1075.330000
1075.580000
1075.760000
1075.890000
1076.110000
1076.380000
1076.610000
1076.790000
1076.930000
1077.130000
1077.330000
1077.580000
1077.800000
1077.950000
1078.070000
1078.360000
1078.570000
1078.800000
1078.960000
1079.120000
1079.330000
1079.630000
1079.850000
1079.960000
1080.090000
1080.310000
1080.520000
1080.780000
1081.040000
1081.180000
1081.360000
1081.550000
1081.770000
1081.990000
1082.110000
1082.330000
1082.570000
1082.810000
1082.990000
