583.033000
583.233000
583.446000
583.604000
583.893000
584.073000
584.168000
584.387000
584.629000
584.880000
585.024000
585.125000
585.418000
585.640000
585.806000
586.005000
586.210000
586.456000
586.577000
586.791000
587.063000
587.294000
587.319000
587.598000
587.819000
588.059000
588.338000
588.446000
588.621000
588.829000
589.018000
589.295000
589.431000
589.591000
589.797000
590.101000
590.225000
590.444000
590.606000
590.812000
591.015000
591.254000
591.471000
591.633000
591.871000
592.021000
592.259000
592.502000
592.665000
592.760000
593.008000
593.254000
593.522000
593.636000
593.804000
593.997000
594.222000
594.422000
594.702000
594.819000
595.105000
595.240000
595.463000
595.616000
595.849000
596.034000
596.240000
596.451000
596.649000
596.842000
597.030000
597.277000
597.390000
597.662000
597.833000
597.984000
598.308000
598.411000
598.606000
598.833000
599.029000
599.248000
599.493000
599.622000
599.827000
600.021000
600.318000
600.496000
600.647000
600.809000
600.969000
601.246000
601.486000
601.731000
601.851000
602.111000
602.253000
602.418000
602.714000
602.835000
603.070000
603.237000
603.450000
603.588000
603.866000
604.048000
604.164000
604.459000
604.604000
604.916000
605.052000
605.215000
605.437000
605.580000
605.781000
606.028000
606.287000
606.470000
606.704000
606.830000
606.989000
607.213000
607.506000
607.694000
607.866000
607.997000
608.213000
608.513000
608.654000
608.802000
608.967000
609.306000
609.449000
609.623000
609.905000
610.101000
610.216000
610.458000
610.661000
610.831000
611.068000
611.226000
611.437000
611.655000
611.886000
612.018000
612.282000
612.446000
612.544000
612.840000
613.045000
613.284000
613.445000
613.621000
613.854000
614.088000
614.265000
614.409000
614.611000
614.891000
615.054000
615.265000
615.427000
615.576000
615.844000
616.093000
616.232000
616.532000
616.661000
616.867000
617.002000
617.282000
617.500000
617.649000
617.852000
618.079000
618.261000
618.466000
618.639000
618.794000
619.012000
619.194000
619.429000
619.660000
619.958000
620.112000
620.218000
620.452000
620.620000
620.910000
621.126000
621.206000
621.502000
621.599000
621.816000
622.088000
622.257000
622.432000
622.609000
622.813000
623.065000
623.299000
623.413000
623.586000
623.809000
624.092000
624.281000
624.429000
624.625000
624.877000
625.156000
625.253000
625.504000
625.596000
625.827000
626.038000
626.247000
626.414000
626.597000
626.933000
627.027000
627.232000
627.402000
627.632000
627.899000
628.034000
628.344000
628.427000
628.605000
628.829000
629.115000
629.299000
629.471000
629.612000
629.889000
630.054000
630.266000
630.421000
630.677000
630.851000
631.000000
631.162000
631.437000
631.726000
631.808000
632.026000
632.276000
632.464000
632.607000
632.835000
633.094000
633.277000
633.403000
633.650000
633.845000
634.093000
634.240000
634.447000
634.570000
634.863000
635.106000
635.188000
635.429000
635.657000
635.869000
636.051000
636.297000
636.450000
636.626000
636.840000
637.090000
637.270000
637.494000
637.694000
637.792000
638.059000
638.256000
638.439000
638.633000
638.800000
638.987000
639.242000
639.470000
639.653000
639.951000
640.042000
640.260000
640.440000
640.644000
640.840000
640.969000
641.329000
641.455000
641.569000
641.938000
642.080000
642.225000
642.503000
642.686000
642.864000
643.101000
643.264000
643.453000
643.626000
643.850000
644.058000
644.279000
644.407000
644.568000
644.919000
644.999000
645.179000
645.386000
645.541000
645.874000
646.101000
646.223000
646.373000
646.700000
646.874000
647.044000
647.269000
647.441000
647.608000
647.845000
648.050000
648.282000
648.437000
648.621000
648.871000
649.114000
649.276000
649.419000
649.589000
649.905000
650.045000
650.233000
650.438000
650.588000
650.883000
651.069000
651.272000
651.416000
651.600000
651.843000
652.032000
652.236000
652.423000
652.623000
652.880000
652.992000
653.228000
653.430000
653.601000
653.896000
653.976000
654.199000
654.493000
654.660000
654.813000
655.116000
655.164000
655.416000
655.730000
655.914000
656.102000
656.240000
656.455000
656.658000
656.870000
657.106000
657.284000
657.391000
657.605000
657.786000
658.046000
658.214000
658.430000
658.628000
658.972000
659.140000
659.236000
659.436000
659.581000
659.899000
660.068000
660.282000
660.523000
660.573000
660.871000
661.025000
661.314000
661.494000
661.600000
661.762000
662.108000
662.210000
662.454000
662.590000
662.881000
663.053000
663.257000
663.505000
663.573000
663.839000
664.081000
664.227000
664.423000
664.605000
664.785000
665.088000
665.230000
665.487000
665.603000
665.721000
666.051000
666.257000
666.522000
666.721000
666.825000
667.029000
667.275000
667.473000
667.660000
667.815000
667.984000
668.276000
668.419000
668.591000
668.811000
669.046000
669.218000
669.472000
669.676000
669.949000
670.087000
670.203000
670.407000
670.695000
670.939000
671.045000
671.192000
671.397000
671.587000
671.870000
672.136000
672.179000
672.355000
672.554000
672.944000
673.198000
673.268000
673.346000
673.599000
673.843000
674.029000
674.247000
674.502000
674.577000
674.797000
675.093000
675.337000
675.448000
675.607000
675.841000
676.064000
676.276000
676.480000
676.598000
676.755000
677.002000
677.272000
677.507000
677.613000
677.847000
678.037000
678.260000
678.441000
678.617000
678.798000
679.041000
679.289000
679.431000
679.644000
679.896000
679.976000
680.187000
680.420000
680.682000
680.865000
681.013000
681.207000
681.420000
681.615000
681.773000
681.980000
682.227000
682.354000
682.645000
682.821000
683.038000
683.225000
683.439000
683.674000
683.851000
684.009000
684.250000
684.474000
684.693000
684.830000
685.055000
685.248000
685.457000
685.653000
685.772000
686.048000
686.227000
686.472000
686.610000
686.797000
687.071000
687.262000
687.474000
687.622000
687.812000
688.005000
688.181000
688.502000
688.586000
688.792000
689.051000
689.243000
689.509000
689.654000
689.810000
689.980000
690.299000
690.460000
690.648000
690.874000
690.966000
691.220000
691.380000
691.673000
691.858000
692.050000
692.209000
692.413000
692.705000
692.879000
692.990000
693.223000
693.521000
693.685000
693.893000
694.012000
694.195000
694.480000
694.602000
694.877000
695.126000
695.198000
695.343000
695.608000
695.824000
695.994000
696.264000
696.440000
696.618000
696.822000
697.136000
697.280000
697.412000
697.660000
697.808000
697.972000
698.247000
698.417000
698.672000
698.815000
699.092000
699.212000
699.476000
699.685000
699.810000
699.996000
700.284000
700.417000
700.638000
700.806000
701.094000
701.219000
701.430000
701.607000
701.879000
702.015000
702.268000
702.422000
702.676000
702.808000
702.996000
703.279000
703.396000
703.623000
703.855000
704.101000
704.228000
704.464000
704.684000
704.869000
705.041000
705.211000
705.495000
705.691000
705.807000
706.017000
706.238000
706.440000
706.669000
706.843000
706.982000
707.184000
707.398000
707.703000
707.792000
707.978000
708.260000
708.417000
708.618000
708.828000
709.087000
709.242000
709.348000
709.664000
709.898000
710.072000
710.261000
710.408000
710.623000
710.807000
710.984000
711.231000
711.443000
711.663000
711.844000
712.077000
712.220000
712.462000
712.678000
712.846000
713.009000
713.328000
713.525000
713.623000
713.834000
714.028000
714.288000
714.430000
714.619000
714.888000
715.104000
715.285000
715.486000
715.591000
715.858000
716.087000
716.293000
716.448000
716.660000
716.851000
717.069000
717.210000
717.438000
717.685000
717.872000
718.071000
718.216000
718.386000
718.646000
718.851000
719.080000
719.210000
719.432000
719.613000
719.874000
720.092000
720.212000
720.399000
720.594000
720.825000
721.079000
721.266000
721.407000
721.607000
721.891000
722.088000
722.177000
722.452000
722.601000
722.812000
723.102000
723.260000
723.400000
723.641000
723.858000
724.033000
724.229000
724.419000
724.621000
724.796000
725.010000
725.209000
725.443000
725.633000
725.830000
726.001000
726.240000
726.397000
726.607000
726.912000
727.098000
727.279000
727.430000
727.609000
727.810000
728.120000
728.309000
728.362000
728.601000
728.854000
729.006000
729.254000
729.464000
729.710000
729.909000
730.127000
730.245000
730.392000
730.653000
730.783000
731.056000
731.262000
731.459000
731.587000
731.793000
732.101000
732.237000
732.439000
732.669000
732.798000
733.068000
733.249000
733.461000
733.562000
733.863000
734.069000
734.257000
734.431000
734.715000
734.825000
735.014000
735.220000
735.473000
735.644000
735.836000
736.089000
736.298000
736.466000
736.661000
736.745000
736.991000
737.243000
737.489000
737.693000
737.809000
738.030000
738.298000
738.466000
738.680000
738.798000
739.058000
739.239000
739.479000
739.636000
739.818000
740.085000
740.225000
740.470000
740.682000
740.817000
741.014000
741.185000
741.571000
741.733000
741.847000
742.013000
742.299000
742.447000
742.647000
742.818000
743.046000
743.211000
743.443000
743.729000
743.855000
744.035000
744.186000
744.552000
744.616000
744.815000
744.995000
745.188000
745.475000
745.680000
745.838000
746.064000
746.184000
746.435000
746.634000
746.890000
746.997000
747.237000
747.475000
747.643000
747.829000
748.003000
748.179000
748.333000
748.695000
748.813000
749.076000
749.259000
749.374000
749.726000
749.884000
750.116000
750.316000
750.401000
750.652000
750.788000
751.007000
751.285000
751.436000
751.704000
751.840000
752.047000
752.230000
752.407000
752.680000
752.869000
753.091000
753.324000
753.429000
753.674000
753.939000
754.120000
754.284000
754.500000
754.667000
754.875000
755.012000
755.250000
755.474000
755.671000
755.915000
756.114000
756.287000
756.415000
756.639000
756.899000
757.038000
757.255000
757.475000
757.688000
757.775000
757.982000
758.215000
758.447000
758.686000
758.789000
759.000000
759.227000
759.410000
759.628000
759.807000
760.062000
760.249000
760.465000
760.592000
760.892000
761.039000
761.247000
761.389000
761.648000
761.854000
762.045000
762.217000
762.401000
762.642000
762.847000
763.031000
763.253000
763.434000
763.607000
763.800000
763.989000
764.276000
764.429000
764.626000
764.858000
765.032000
765.204000
765.435000
765.699000
765.869000
766.019000
766.230000
766.427000
766.675000
766.838000
767.046000
767.222000
767.384000
767.637000
767.921000
768.076000
768.172000
768.420000
768.578000
768.879000
769.075000
769.233000
769.395000
769.630000
769.860000
770.082000
770.245000
770.394000
770.604000
770.796000
771.064000
771.257000
771.411000
771.644000
771.824000
772.039000
772.246000
772.497000
772.686000
772.795000
772.990000
773.240000
773.432000
773.707000
773.844000
774.055000
774.199000
774.397000
774.684000
774.871000
775.087000
775.254000
775.536000
775.684000
775.820000
776.038000
776.270000
776.499000
776.625000
776.902000
776.983000
777.286000
777.480000
777.629000
777.842000
778.107000
778.255000
778.393000
778.587000
778.816000
779.058000
779.346000
779.473000
779.623000
779.856000
780.067000
780.184000
780.433000
780.693000
780.868000
781.035000
781.197000
781.380000
781.666000
781.825000
782.054000
782.199000
782.441000
782.669000
782.861000
783.040000
783.197000
783.435000
783.650000
783.883000
784.049000
784.185000
784.422000
784.641000
784.893000
785.064000
785.223000
785.443000
785.645000
785.825000
785.934000
786.248000
786.426000
786.675000
786.869000
787.059000
787.249000
787.415000
787.642000
787.842000
788.088000
788.213000
788.506000
788.746000
788.815000
789.013000
789.202000
789.504000
789.652000
789.794000
789.932000
790.267000
790.459000
790.655000
790.830000
790.967000
791.205000
791.452000
791.639000
791.804000
791.985000
792.272000
792.438000
792.614000
792.899000
793.067000
793.261000
793.499000
793.634000
793.800000
794.051000
794.236000
794.427000
794.558000
794.820000
795.034000
795.205000
795.438000
795.679000
795.858000
796.045000
796.192000
796.451000
796.676000
796.785000
797.021000
797.284000
797.513000
797.666000
797.866000
798.025000
798.253000
798.488000
798.665000
798.814000
799.081000
799.327000
799.436000
799.585000
799.875000
800.082000
800.287000
800.458000
800.667000
800.838000
801.017000
801.223000
801.452000
801.659000
801.879000
802.027000
802.262000
802.403000
802.640000
802.957000
803.014000
803.305000
803.493000
803.614000
803.846000
804.031000
804.220000
804.412000
804.636000
804.796000
805.048000
805.270000
805.442000
805.556000
805.853000
806.070000
806.227000
806.437000
806.680000
806.804000
807.023000
807.232000
807.461000
807.673000
807.875000
807.967000
808.230000
808.448000
808.712000
808.862000
809.029000
809.250000
809.481000
809.699000
809.916000
810.027000
810.279000
810.430000
810.673000
810.858000
811.007000
811.233000
811.442000
811.713000
811.829000
812.055000
812.242000
812.484000
812.753000
812.846000
813.029000
813.267000
813.376000
813.605000
813.790000
814.015000
814.228000
814.465000
814.646000
814.771000
815.041000
815.247000
815.488000
815.627000
815.870000
816.026000
816.311000
816.440000
816.644000
816.868000
816.959000
817.249000
817.491000
817.698000
817.845000
818.027000
818.236000
818.414000
818.640000
818.889000
819.015000
819.248000
819.413000
819.665000
819.828000
820.071000
820.280000
820.371000
820.610000
820.860000
821.042000
821.272000
821.455000
821.635000
821.903000
822.005000
822.219000
822.534000
822.701000
822.852000
822.998000
823.214000
823.516000
823.631000
823.820000
824.043000
824.232000
824.414000
824.648000
824.886000
825.017000
825.212000
825.449000
825.609000
825.810000
825.991000
826.280000
826.458000
826.656000
826.812000
827.078000
827.216000
827.430000
827.618000
827.799000
828.074000
828.217000
828.437000
828.610000
828.791000
829.111000
829.292000
829.442000
829.660000
829.854000
830.003000
830.262000
830.380000
830.697000
830.893000
831.012000
831.174000
831.447000
831.664000
831.857000
832.056000
832.270000
832.470000
832.620000
832.905000
833.136000
833.209000
833.428000
833.658000
833.836000
834.098000
834.215000
834.506000
834.671000
834.805000
835.072000
835.215000
835.407000
835.656000
835.855000
836.022000
836.258000
836.422000
836.700000
836.905000
836.993000
837.209000
837.436000
837.670000
837.859000
838.038000
838.161000
838.502000
838.669000
838.824000
839.011000
839.267000
839.439000
839.616000
839.942000
840.030000
840.210000
840.439000
840.669000
840.848000
841.044000
841.200000
841.411000
841.600000
841.908000
842.043000
842.274000
842.496000
842.677000
842.880000
842.967000
843.263000
843.506000
843.652000
843.810000
844.125000
844.237000
844.422000
844.626000
844.928000
845.042000
845.268000
845.389000
845.644000
845.868000
846.053000
846.264000
846.502000
846.604000
846.781000
847.001000
847.268000
847.408000
847.710000
847.875000
847.963000
848.164000
848.416000
848.674000
848.932000
849.090000
849.172000
849.340000
849.678000
849.845000
850.033000
850.184000
850.384000
850.668000
850.889000
851.057000
851.297000
851.419000
851.623000
851.845000
852.010000
852.268000
852.415000
852.660000
852.851000
853.057000
853.274000
853.455000
853.654000
853.858000
854.019000
854.222000
854.388000
854.586000
854.882000
855.062000
855.290000
855.411000
855.732000
855.945000
856.021000
856.212000
856.401000
856.681000
856.827000
857.119000
857.267000
857.516000
857.619000
857.858000
858.059000
858.266000
858.420000
858.656000
858.837000
859.019000
859.288000
859.428000
859.639000
859.892000
860.054000
860.261000
860.449000
860.675000
860.845000
860.996000
861.194000
861.492000
861.639000
861.857000
862.045000
862.274000
862.474000
862.613000
862.879000
863.120000
863.191000
863.405000
863.615000
863.945000
864.094000
864.289000
864.394000
864.603000
864.810000
865.059000
865.279000
865.471000
865.565000
865.867000
866.037000
866.231000
866.369000
866.611000
866.840000
867.060000
867.266000
867.448000
867.633000
867.882000
868.156000
868.238000
868.440000
868.575000
868.908000
869.045000
869.265000
869.428000
869.646000
869.834000
870.060000
870.236000
870.504000
870.688000
870.858000
871.036000
871.202000
871.429000
871.670000
871.832000
872.060000
872.281000
872.410000
872.647000
872.818000
873.101000
873.268000
873.409000
873.635000
873.850000
874.061000
874.258000
874.439000
874.592000
874.871000
875.076000
875.288000
875.369000
875.584000
875.904000
876.098000
876.271000
876.440000
876.648000
876.863000
877.043000
877.264000
877.428000
877.738000
877.812000
877.998000
878.238000
878.468000
878.612000
878.836000
879.002000
879.285000
879.491000
879.643000
879.803000
880.093000
880.266000
880.495000
880.624000
880.828000
881.056000
881.300000
881.501000
881.579000
881.748000
882.025000
882.252000
882.412000
882.613000
882.746000
883.050000
883.282000
883.426000
883.627000
883.824000
884.017000
884.296000
884.475000
884.554000
884.779000
885.083000
885.295000
885.453000
885.650000
885.909000
886.002000
886.209000
886.504000
886.577000
886.806000
887.081000
887.293000
887.458000
887.660000
887.865000
887.991000
888.240000
888.464000
888.600000
888.828000
889.058000
889.260000
889.454000
889.634000
889.939000
890.081000
890.199000
890.419000
890.603000
890.780000
891.078000
891.280000
891.467000
891.585000
891.862000
892.013000
892.283000
892.453000
892.654000
892.820000
893.047000
893.275000
893.473000
893.637000
893.882000
894.147000
894.297000
894.455000
894.676000
894.860000
895.023000
895.234000
895.418000
895.617000
895.887000
896.097000
896.295000
896.398000
896.590000
896.878000
897.104000
897.243000
897.434000
897.561000
897.851000
898.098000
898.237000
898.413000
898.617000
898.859000
898.994000
899.269000
899.452000
899.671000
899.853000
900.069000
900.275000
900.399000
900.655000
900.876000
901.130000
901.240000
901.424000
901.618000
901.820000
902.108000
902.262000
902.483000
902.634000
902.791000
903.081000
903.365000
903.399000
903.648000
903.891000
904.059000
904.327000
904.515000
904.665000
904.838000
905.066000
905.260000
905.431000
905.658000
905.823000
906.057000
906.246000
906.438000
906.621000
906.864000
907.075000
907.215000
907.466000
907.655000
907.888000
908.099000
908.265000
908.346000
908.601000
908.815000
909.042000
909.210000
909.390000
909.633000
909.899000
910.014000
910.260000
910.425000
910.576000
910.855000
911.009000
911.292000
911.546000
911.688000
911.817000
912.001000
912.159000
912.497000
912.595000
912.867000
913.033000
913.222000
913.516000
913.662000
913.826000
914.032000
914.236000
914.435000
914.676000
914.815000
914.950000
915.291000
915.491000
915.647000
915.803000
916.049000
916.326000
916.525000
916.676000
916.744000
916.984000
917.264000
917.460000
917.610000
917.784000
918.004000
918.316000
918.475000
918.676000
918.861000
919.076000
919.272000
919.423000
919.611000
919.806000
920.068000
920.224000
920.429000
920.617000
920.851000
921.077000
921.185000
921.400000
921.606000
921.855000
922.048000
922.301000
922.420000
922.662000
922.900000
923.081000
923.254000
923.396000
923.639000
923.864000
924.067000
924.249000
924.371000
924.684000
924.814000
925.050000
925.188000
925.400000
925.658000
925.861000
926.044000
926.317000
926.456000
926.606000
926.833000
927.040000
927.267000
927.450000
927.631000
927.878000
928.050000
928.307000
928.406000
928.610000
928.827000
929.152000
929.294000
929.316000
929.646000
929.880000
930.051000
930.252000
930.435000
930.638000
930.875000
931.063000
931.243000
931.408000
931.616000
931.894000
932.077000
932.216000
932.420000
932.583000
932.828000
933.115000
933.212000
933.395000
933.670000
934.013000
934.045000
934.227000
934.377000
934.563000
934.867000
935.065000
935.255000
935.365000
935.609000
935.856000
935.992000
936.218000
936.468000
936.621000
936.819000
937.091000
937.195000
937.469000
937.639000
937.835000
938.033000
938.196000
938.465000
938.686000
938.829000
939.027000
939.226000
939.378000
939.680000
939.818000
940.017000
940.246000
940.473000
940.724000
940.867000
940.985000
941.273000
941.431000
941.732000
941.874000
942.052000
942.271000
942.469000
942.620000
942.915000
943.041000
943.234000
943.514000
943.600000
943.797000
944.072000
944.275000
944.487000
944.612000
944.818000
945.111000
945.304000
945.428000
945.640000
945.823000
945.971000
946.254000
946.557000
946.682000
946.860000
946.983000
947.165000
947.530000
947.720000
947.918000
948.046000
948.237000
948.414000
948.664000
948.875000
949.006000
949.246000
949.480000
949.664000
949.842000
950.080000
950.241000
950.416000
950.575000
950.805000
951.081000
951.273000
951.460000
951.584000
951.880000
952.056000
952.200000
952.476000
952.690000
952.833000
953.075000
953.262000
953.457000
953.618000
953.794000
954.054000
954.237000
954.419000
954.627000
954.945000
955.027000
955.252000
955.382000
955.632000
955.879000
956.083000
956.274000
956.373000
956.739000
956.855000
957.063000
957.164000
957.432000
957.653000
957.930000
958.110000
958.252000
958.356000
958.578000
958.895000
959.048000
959.300000
959.426000
959.663000
959.897000
960.100000
960.297000
960.431000
960.664000
960.876000
961.032000
961.218000
961.342000
961.678000
961.917000
962.080000
962.212000
962.345000
962.586000
962.926000
963.062000
963.311000
963.395000
963.610000
963.824000
964.013000
964.296000
964.558000
964.682000
964.803000
965.066000
965.269000
965.429000
965.617000
965.890000
966.077000
966.263000
966.510000
966.664000
966.892000
967.008000
967.195000
967.423000
967.652000
967.886000
968.126000
968.247000
968.446000
968.642000
968.870000
969.118000
969.202000
969.458000
969.614000
969.873000
970.120000
970.237000
970.403000
970.721000
970.904000
971.080000
971.238000
971.430000
971.709000
971.852000
972.061000
972.221000
972.411000
972.587000
972.887000
973.147000
973.250000
973.570000
973.567000
973.847000
974.075000
974.260000
974.422000
974.574000
974.836000
975.050000
975.288000
975.537000
975.617000
975.806000
975.991000
976.221000
976.474000
976.642000
976.866000
977.035000
977.254000
977.438000
977.605000
977.832000
978.061000
978.225000
978.470000
978.563000
978.847000
979.095000
979.226000
979.441000
979.594000
979.845000
980.141000
980.242000
980.455000
980.634000
980.812000
981.052000
981.253000
981.528000
981.610000
981.836000
981.986000
982.288000
982.483000
982.684000
982.761000
983.000000
983.238000
983.472000
983.721000
983.826000
983.982000
984.163000
984.401000
984.655000
984.915000
985.027000
985.253000
985.455000
985.620000
985.854000
986.054000
986.223000
986.357000
986.674000
986.854000
987.035000
987.214000
987.427000
987.640000
987.886000
988.126000
988.249000
988.394000
988.679000
988.945000
989.062000
989.251000
989.512000
989.667000
989.860000
990.108000
990.347000
990.513000
990.726000
990.838000
991.029000
991.228000
991.414000
991.597000
991.822000
992.049000
992.266000
992.445000
992.589000
992.818000
993.098000
993.260000
993.415000
993.629000
993.882000
994.040000
994.170000
994.417000
994.590000
994.945000
995.020000
995.240000
995.413000
995.647000
995.837000
996.023000
996.204000
996.435000
996.631000
996.905000
997.039000
997.260000
997.461000
997.643000
997.810000
998.002000
998.306000
998.458000
998.585000
998.762000
999.080000
999.262000
999.427000
999.631000
999.824000
1000.020000
1000.290000
1000.510000
1000.690000
1000.810000
1001.050000
1001.330000
1001.510000
1001.640000
1001.890000
1002.090000
1002.260000
1002.440000
1002.620000
1002.810000
1003.090000
1003.250000
1003.470000
1003.580000
1003.790000
1004.040000
1004.240000
1004.480000
1004.620000
1004.820000
1005.000000
1005.290000
1005.450000
1005.660000
1005.840000
1006.000000
1006.200000
1006.430000
1006.640000
1006.880000
1007.030000
1007.230000
1007.450000
1007.700000
1007.920000
1008.000000
1008.260000
1008.520000
1008.620000
1008.860000
1009.010000
1009.250000
1009.440000
1009.650000
1009.850000
1010.050000
1010.210000
1010.460000
1010.650000
1010.890000
1011.040000
1011.240000
1011.450000
1011.680000
1011.810000
1012.020000
1012.270000
1012.490000
1012.690000
1012.830000
1013.020000
1013.210000
1013.520000
1013.610000
1013.810000
1014.050000
1014.230000
1014.390000
1014.680000
1014.910000
1015.050000
1015.180000
1015.370000
1015.720000
1015.910000
1016.030000
1016.250000
1016.370000
1016.550000
1016.870000
1017.010000
1017.250000
1017.410000
1017.600000
1017.810000
1018.100000
1018.180000
1018.410000
1018.630000
1018.970000
1019.050000
1019.190000
1019.430000
1019.680000
1019.860000
1020.010000
1020.230000
1020.410000
1020.640000
1020.880000
1021.050000
1021.280000
1021.410000
1021.680000
1021.820000
1022.010000
1022.280000
1022.400000
1022.650000
1022.780000
1022.980000
1023.260000
1023.430000
1023.690000
1023.720000
1024.050000
1024.230000
1024.530000
1024.670000
1024.860000
1025.090000
1025.210000
1025.390000
1025.610000
1025.820000
1026.020000
1026.300000
1026.440000
1026.600000
1026.820000
1027.090000
1027.260000
1027.460000
1027.620000
1027.810000
1028.060000
1028.260000
1028.420000
1028.660000
1028.820000
1029.080000
1029.230000
1029.400000
1029.700000
1029.820000
1030.030000
1030.280000
1030.450000
1030.630000
1030.850000
1031.140000
1031.290000
1031.420000
1031.720000
1031.820000
1031.990000
1032.240000
1032.490000
1032.740000
1032.860000
1033.060000
1033.160000
1033.430000
1033.750000
1033.860000
1034.010000
1034.230000
1034.380000
1034.660000
1034.840000
1035.040000
1035.240000
1035.480000
1035.690000
1035.830000
1036.120000
1036.270000
1036.450000
1036.730000
1036.810000
1036.980000
1037.340000
1037.500000
1037.630000
1037.830000
1037.950000
1038.220000
1038.550000
1038.700000
1038.890000
1039.080000
1039.240000
1039.400000
1039.660000
1039.920000
1039.970000
1040.320000
1040.400000
1040.730000
1040.910000
1041.000000
1041.210000
1041.440000
1041.610000
1041.870000
1042.110000
1042.250000
1042.460000
1042.630000
1042.830000
1043.120000
1043.210000
1043.400000
1043.630000
1043.800000
1044.010000
1044.290000
1044.480000
1044.690000
1044.810000
1045.000000
1045.310000
1045.460000
1045.660000
1045.800000
1046.030000
1046.300000
1046.530000
1046.680000
1046.830000
1047.090000
1047.320000
1047.510000
1047.660000
1047.840000
1047.990000
1048.260000
1048.450000
1048.690000
1048.780000
1049.020000
1049.240000
1049.480000
1049.700000
1049.820000
1049.930000
1050.190000
1050.490000
1050.710000
1050.850000
1051.030000
1051.220000
1051.470000
1051.720000
1051.860000
1052.050000
1052.250000
1052.400000
1052.630000
1052.830000
1053.040000
1053.240000
1053.430000
1053.590000
1053.820000
1054.030000
1054.310000
1054.460000
1054.710000
1054.810000
1055.080000
1055.260000
1055.560000
1055.660000
1055.830000
1056.080000
1056.220000
1056.430000
1056.690000
1056.830000
1057.010000
1057.210000
1057.450000
1057.680000
1057.890000
1058.000000
1058.300000
1058.400000
1058.660000
1058.860000
1059.100000
1059.330000
1059.480000
1059.700000
1059.790000
1060.030000
1060.210000
1060.450000
1060.670000
1060.860000
1060.990000
1061.230000
1061.390000
1061.650000
1061.870000
1062.070000
1062.230000
1062.360000
1062.640000
1062.770000
1063.060000
1063.250000
1063.400000
1063.590000
1063.830000
1064.070000
1064.280000
1064.450000
1064.610000
1064.830000
1065.080000
1065.220000
1065.400000
1065.640000
1065.860000
1066.080000
1066.260000
1066.410000
1066.560000
1066.940000
1067.040000
1067.290000
1067.440000
1067.700000
1067.830000
1068.020000
1068.260000
1068.520000
1068.650000
1068.820000
1069.030000
1069.310000
1069.390000
1069.680000
1069.870000
1070.050000
1070.200000
1070.410000
1070.670000
1070.830000
1071.030000
1071.240000
1071.510000
1071.650000
1071.840000
1071.950000
1072.300000
1072.500000
1072.600000
1072.820000
1073.010000
1073.210000
1073.480000
1073.670000
1073.820000
1074.040000
1074.300000
1074.470000
1074.610000
1074.820000
1075.140000
1075.290000
1075.390000
1075.610000
1075.860000
1076.030000
1076.260000
1076.430000
1076.540000
1076.910000
1077.080000
1077.250000
1077.400000
1077.670000
1077.830000
1078.100000
1078.170000
1078.380000
1078.670000
1078.830000
1079.070000
1079.240000
1079.440000
1079.630000
1079.800000
1079.980000
1080.220000
1080.410000
1080.620000
1080.830000
1081.000000
1081.220000
1081.470000
1081.670000
1081.840000
1082.010000
1082.180000
1082.450000
1082.690000
1082.850000
1083.030000
