547.980000
548.089000
548.237000
548.438000
548.811000
549.022000
549.131000
549.266000
549.438000
549.687000
549.986000
550.121000
550.362000
550.492000
550.685000
550.890000
551.147000
551.358000
551.521000
551.722000
551.965000
552.174000
552.370000
552.589000
552.746000
552.940000
553.188000
553.417000
553.577000
553.700000
553.937000
554.135000
554.326000
554.557000
554.791000
555.009000
555.140000
555.366000
555.491000
555.735000
555.951000
556.139000
556.327000
556.610000
556.702000
556.879000
557.203000
557.304000
557.559000
557.709000
557.926000
558.171000
558.391000
558.635000
558.724000
558.985000
559.102000
559.287000
559.606000
559.791000
559.905000
560.165000
560.343000
560.543000
560.675000
560.910000
561.176000
561.363000
561.541000
561.754000
561.883000
562.115000
562.341000
562.440000
562.730000
562.900000
563.099000
563.327000
563.589000
563.720000
563.899000
564.094000
564.295000
564.512000
564.738000
564.963000
565.163000
565.293000
565.571000
565.792000
565.834000
566.044000
566.325000
566.570000
566.754000
566.927000
567.108000
567.359000
567.540000
567.777000
567.996000
568.120000
568.308000
568.489000
568.711000
568.924000
569.137000
569.400000
569.557000
569.692000
569.943000
570.187000
570.357000
570.527000
570.729000
570.891000
571.145000
571.352000
571.570000
571.695000
571.867000
572.148000
572.367000
572.537000
572.633000
572.914000
573.161000
573.337000
573.630000
573.748000
573.830000
574.040000
574.290000
574.588000
574.720000
574.978000
575.075000
575.218000
575.528000
575.748000
575.956000
576.145000
576.359000
576.524000
576.689000
576.930000
577.161000
577.346000
577.472000
577.675000
577.947000
577.971000
578.326000
578.497000
578.671000
579.058000
579.207000
579.326000
579.589000
579.768000
580.034000
580.147000
580.302000
580.476000
580.775000
581.024000
581.199000
581.310000
581.544000
581.730000
581.970000
582.221000
582.386000
582.520000
582.692000
582.911000
583.188000
583.314000
583.544000
583.719000
583.912000
584.001000
584.261000
584.553000
584.802000
584.953000
585.110000
585.344000
585.536000
585.771000
585.935000
586.083000
586.382000
586.599000
586.702000
586.937000
587.199000
587.387000
587.514000
587.687000
587.887000
588.212000
588.397000
588.531000
588.714000
588.866000
589.153000
589.373000
589.521000
589.668000
589.934000
590.157000
590.352000
590.531000
590.709000
590.925000
591.180000
591.411000
591.459000
591.748000
591.832000
592.089000
592.291000
592.579000
592.750000
592.862000
593.091000
593.409000
593.521000
593.778000
593.909000
594.203000
594.245000
594.392000
594.777000
594.941000
595.183000
595.318000
595.542000
595.637000
595.918000
596.067000
596.369000
596.581000
596.782000
596.992000
597.135000
597.301000
597.559000
597.780000
597.866000
598.115000
598.295000
598.520000
598.771000
598.992000
598.984000
599.255000
599.547000
599.692000
600.009000
600.195000
600.356000
600.450000
600.728000
601.017000
601.196000
601.384000
601.526000
601.640000
601.897000
602.149000
602.343000
602.496000
602.731000
602.945000
603.216000
603.321000
603.536000
603.775000
603.960000
604.215000
604.316000
604.557000
604.771000
605.009000
605.170000
605.387000
605.480000
605.722000
605.987000
606.083000
606.311000
606.570000
606.767000
606.945000
607.118000
607.363000
607.575000
607.631000
607.973000
608.156000
608.371000
608.420000
608.715000
608.911000
609.088000
609.245000
609.578000
609.719000
610.002000
610.191000
610.295000
610.581000
610.686000
610.934000
611.118000
611.319000
611.477000
611.722000
611.909000
612.222000
612.303000
612.442000
612.708000
612.997000
613.149000
613.331000
613.501000
613.712000
613.966000
614.127000
614.329000
614.557000
614.791000
614.926000
615.156000
615.291000
615.553000
615.761000
615.919000
616.147000
616.337000
616.527000
616.736000
616.873000
617.061000
617.345000
617.513000
617.755000
617.938000
618.086000
618.378000
618.575000
618.787000
618.867000
619.084000
619.388000
619.603000
619.734000
619.900000
620.081000
620.237000
620.543000
620.796000
620.875000
621.073000
621.274000
621.557000
621.808000
621.989000
622.071000
622.307000
622.476000
622.778000
622.923000
623.159000
623.294000
623.543000
623.762000
623.914000
624.088000
624.330000
624.488000
624.765000
624.929000
625.139000
625.294000
625.510000
625.731000
625.941000
626.023000
626.336000
626.508000
626.738000
626.946000
627.200000
627.396000
627.442000
627.758000
627.924000
628.129000
628.361000
628.437000
628.706000
628.891000
629.189000
629.347000
629.561000
629.679000
629.839000
630.132000
630.393000
630.565000
630.651000
630.831000
631.083000
631.348000
631.598000
631.767000
631.913000
632.172000
632.308000
632.434000
632.706000
632.920000
633.150000
633.375000
633.544000
633.777000
633.924000
634.152000
634.341000
634.549000
634.683000
634.873000
635.094000
635.289000
635.536000
635.810000
636.031000
636.156000
636.286000
636.557000
636.779000
636.967000
637.112000
637.266000
637.559000
637.760000
637.991000
638.171000
638.219000
638.513000
638.824000
639.008000
639.181000
639.321000
639.491000
639.622000
639.965000
640.024000
640.394000
640.511000
640.770000
640.960000
641.254000
641.349000
641.494000
641.679000
641.922000
642.264000
642.285000
642.587000
642.624000
642.984000
643.244000
643.345000
643.500000
643.708000
643.876000
644.106000
644.249000
644.504000
644.747000
644.926000
645.135000
645.314000
645.611000
645.758000
645.875000
646.070000
646.387000
646.560000
646.787000
646.842000
647.136000
647.432000
647.562000
647.728000
647.931000
648.011000
648.312000
648.505000
648.649000
648.893000
649.162000
649.361000
649.596000
649.667000
649.903000
650.101000
650.366000
650.474000
650.800000
650.969000
651.165000
651.405000
651.546000
651.741000
651.964000
652.157000
652.405000
652.537000
652.653000
652.950000
653.168000
653.308000
653.515000
653.803000
653.931000
654.147000
654.368000
654.513000
654.688000
654.907000
655.154000
655.282000
655.549000
655.709000
655.958000
656.087000
656.277000
656.494000
656.740000
656.912000
657.195000
657.321000
657.438000
657.742000
657.982000
658.109000
658.242000
658.484000
658.713000
658.968000
659.055000
659.291000
659.503000
659.781000
659.963000
660.143000
660.360000
660.550000
660.765000
660.983000
661.130000
661.335000
661.482000
661.826000
661.922000
662.188000
662.321000
662.466000
662.694000
662.966000
663.134000
663.301000
663.466000
663.719000
664.036000
664.168000
664.340000
664.504000
664.693000
664.982000
665.195000
665.318000
665.489000
665.685000
665.949000
666.163000
666.341000
666.542000
666.711000
666.915000
667.113000
667.319000
667.570000
667.775000
667.900000
668.099000
668.303000
668.619000
668.763000
669.012000
669.108000
669.357000
669.552000
669.806000
669.922000
670.110000
670.278000
670.505000
670.753000
670.941000
671.064000
671.407000
671.498000
671.722000
671.837000
672.074000
672.383000
672.645000
672.739000
672.926000
673.116000
673.355000
673.523000
673.805000
673.918000
674.213000
674.251000
674.523000
674.803000
674.994000
675.121000
675.304000
675.499000
675.780000
675.938000
676.095000
676.385000
676.538000
676.754000
676.930000
677.154000
677.352000
677.503000
677.768000
677.935000
678.146000
678.395000
678.492000
678.729000
678.988000
679.144000
679.283000
679.578000
679.703000
679.906000
680.147000
680.284000
680.490000
680.671000
680.930000
681.098000
681.293000
681.466000
681.783000
681.972000
682.153000
682.364000
682.535000
682.761000
682.914000
683.097000
683.301000
683.565000
683.835000
683.898000
684.171000
684.320000
684.522000
684.750000
684.953000
685.138000
685.305000
685.542000
685.744000
686.016000
686.088000
686.395000
686.474000
686.693000
686.996000
687.151000
687.358000
687.440000
687.787000
688.025000
688.066000
688.388000
688.587000
688.678000
688.995000
689.125000
689.340000
689.476000
689.662000
689.870000
690.104000
690.320000
690.559000
690.810000
690.941000
691.099000
691.294000
691.604000
691.742000
691.968000
692.068000
692.238000
692.487000
692.736000
692.948000
693.153000
693.296000
693.447000
693.718000
693.916000
694.177000
694.315000
694.516000
694.832000
694.973000
695.127000
695.342000
695.585000
695.749000
695.889000
696.152000
696.337000
696.588000
696.726000
696.980000
697.202000
697.389000
697.547000
697.775000
697.908000
698.152000
698.455000
698.465000
698.775000
698.962000
699.053000
699.335000
699.499000
699.776000
699.856000
700.173000
700.335000
700.500000
700.712000
700.948000
701.114000
701.415000
701.497000
701.688000
701.913000
702.222000
702.466000
702.568000
702.685000
702.961000
703.205000
703.324000
703.494000
703.675000
704.007000
704.210000
704.336000
704.509000
704.644000
704.863000
705.141000
705.408000
705.585000
705.720000
705.855000
706.091000
706.391000
706.529000
706.760000
706.888000
707.037000
707.359000
707.537000
707.756000
707.862000
708.102000
708.211000
708.578000
708.777000
708.943000
709.156000
709.380000
709.539000
709.747000
709.906000
710.166000
710.309000
710.497000
710.845000
710.935000
711.104000
711.323000
711.562000
711.747000
711.886000
712.136000
712.369000
712.479000
712.725000
712.939000
713.163000
713.330000
713.587000
713.753000
713.958000
714.094000
714.259000
714.507000
714.766000
715.012000
715.149000
715.325000
715.532000
715.749000
716.055000
716.177000
716.334000
716.501000
716.784000
716.987000
717.127000
717.304000
717.557000
717.796000
717.997000
718.087000
718.346000
718.532000
718.699000
718.962000
719.149000
719.278000
719.562000
719.761000
719.926000
720.137000
720.355000
720.530000
720.716000
720.928000
721.189000
721.378000
721.466000
721.750000
721.919000
722.229000
722.388000
722.589000
722.711000
722.906000
723.174000
723.327000
723.581000
723.690000
723.843000
724.256000
724.357000
724.586000
724.747000
724.985000
725.023000
725.291000
725.566000
725.772000
725.934000
726.103000
726.290000
726.529000
726.729000
726.950000
727.195000
727.241000
727.542000
727.694000
727.893000
728.188000
728.294000
728.561000
728.686000
728.920000
729.113000
729.366000
729.547000
729.720000
729.923000
730.086000
730.380000
730.619000
730.753000
730.914000
731.119000
731.327000
731.561000
731.742000
731.948000
732.045000
732.349000
732.550000
732.762000
732.973000
733.176000
733.346000
733.507000
733.738000
733.973000
734.150000
734.308000
734.529000
734.718000
734.913000
735.121000
735.271000
735.513000
735.755000
735.871000
736.069000
736.353000
736.492000
736.718000
736.904000
737.154000
737.402000
737.541000
737.712000
737.877000
738.043000
738.299000
738.605000
738.665000
738.928000
739.146000
739.206000
739.509000
739.738000
739.939000
740.120000
740.325000
740.433000
740.722000
740.924000
741.052000
741.300000
741.589000
741.787000
741.961000
742.093000
742.280000
742.512000
742.826000
742.920000
743.142000
743.354000
743.570000
743.710000
744.032000
744.223000
744.348000
744.524000
744.778000
744.949000
745.139000
745.316000
745.508000
745.778000
745.867000
746.166000
746.308000
746.460000
746.778000
746.987000
747.172000
747.400000
747.556000
747.717000
747.834000
748.089000
748.374000
748.567000
748.734000
748.879000
749.102000
749.320000
749.574000
749.733000
749.960000
750.156000
750.379000
750.463000
750.672000
750.934000
751.119000
751.384000
751.572000
751.730000
751.927000
752.118000
752.415000
752.613000
752.789000
752.898000
753.170000
753.364000
753.547000
753.711000
753.927000
754.150000
754.352000
754.535000
754.756000
754.787000
755.142000
755.282000
755.568000
755.735000
755.928000
756.149000
756.375000
756.566000
756.707000
756.979000
757.094000
757.252000
757.602000
757.788000
758.015000
758.178000
758.236000
758.450000
758.773000
759.042000
759.223000
759.346000
759.479000
759.746000
759.848000
760.081000
760.380000
760.538000
760.701000
760.960000
761.162000
761.278000
761.445000
761.683000
761.911000
762.184000
762.367000
762.577000
762.741000
763.002000
763.180000
763.265000
763.512000
763.706000
763.963000
764.212000
764.319000
764.397000
764.720000
764.976000
765.159000
765.322000
765.603000
765.769000
765.968000
766.168000
766.359000
766.550000
766.742000
766.965000
767.139000
767.338000
767.490000
767.711000
767.856000
768.170000
768.396000
768.481000
768.713000
768.911000
769.206000
769.371000
769.463000
769.774000
769.968000
770.140000
770.338000
770.485000
770.802000
770.861000
771.168000
771.336000
771.531000
771.753000
771.958000
772.060000
772.223000
772.562000
772.712000
772.905000
773.163000
773.221000
773.396000
773.686000
773.891000
774.197000
774.370000
774.502000
774.709000
774.922000
775.123000
775.408000
775.633000
775.736000
775.852000
776.090000
776.380000
776.657000
776.696000
776.965000
777.177000
777.300000
777.533000
777.695000
777.971000
778.003000
778.297000
778.527000
778.691000
778.917000
779.196000
779.255000
779.466000
779.705000
779.835000
780.144000
780.411000
780.528000
780.652000
780.868000
781.098000
781.373000
781.571000
781.754000
781.859000
782.095000
782.424000
782.593000
782.748000
782.928000
783.181000
783.334000
783.500000
783.777000
783.906000
784.108000
784.360000
784.618000
784.789000
784.983000
785.190000
785.315000
785.482000
785.787000
786.017000
786.142000
786.315000
786.610000
786.827000
786.903000
787.152000
787.362000
787.513000
787.722000
787.943000
788.120000
788.268000
788.624000
788.812000
788.964000
789.175000
789.363000
789.586000
789.681000
789.961000
790.161000
790.322000
790.415000
790.788000
790.917000
791.136000
791.365000
791.543000
791.669000
791.940000
792.118000
792.353000
792.549000
792.742000
792.970000
793.210000
793.385000
793.542000
793.695000
793.837000
794.092000
794.280000
794.547000
794.700000
794.982000
795.128000
795.310000
795.577000
795.695000
795.959000
796.152000
796.294000
796.476000
796.674000
796.922000
797.042000
797.303000
797.531000
797.784000
797.994000
798.169000
798.253000
798.486000
798.718000
798.988000
799.162000
799.373000
799.542000
799.707000
799.950000
800.112000
800.336000
800.493000
800.798000
800.966000
801.153000
801.399000
801.535000
801.832000
801.941000
802.110000
802.392000
802.603000
802.715000
802.938000
803.163000
803.324000
803.454000
803.761000
804.005000
804.162000
804.418000
804.544000
804.720000
804.928000
805.148000
805.254000
805.480000
805.816000
805.941000
806.106000
806.282000
806.512000
806.728000
806.894000
807.118000
807.369000
807.476000
807.617000
807.981000
808.153000
808.339000
808.541000
808.737000
808.862000
809.176000
809.418000
809.616000
809.775000
809.966000
810.100000
810.288000
810.528000
810.671000
810.934000
811.090000
811.377000
811.521000
811.763000
811.960000
812.143000
812.346000
812.632000
812.780000
812.930000
813.047000
813.314000
813.519000
813.813000
813.885000
813.980000
814.351000
814.591000
814.795000
814.905000
815.140000
815.352000
815.598000
815.800000
815.975000
816.164000
816.302000
816.453000
816.828000
816.938000
817.189000
817.274000
817.493000
817.732000
817.975000
818.192000
818.313000
818.465000
818.769000
818.983000
819.155000
819.342000
819.585000
819.828000
819.951000
820.152000
820.278000
820.473000
820.857000
820.995000
821.145000
821.338000
821.533000
821.783000
822.001000
822.136000
822.307000
822.559000
822.728000
822.969000
823.151000
823.400000
823.499000
823.686000
823.913000
824.188000
824.333000
824.526000
824.677000
824.939000
825.143000
825.300000
825.555000
825.747000
825.843000
826.179000
826.362000
826.554000
826.779000
826.988000
827.211000
827.314000
827.515000
827.803000
827.912000
828.011000
828.332000
828.458000
828.721000
828.979000
829.135000
829.273000
829.518000
829.815000
830.028000
830.179000
830.351000
830.536000
830.729000
830.934000
831.119000
831.320000
831.478000
831.770000
831.962000
832.165000
832.323000
832.530000
832.766000
832.950000
833.109000
833.364000
833.455000
833.728000
833.898000
834.140000
834.265000
834.552000
834.795000
834.926000
835.137000
835.321000
835.572000
835.832000
835.885000
836.062000
836.280000
836.505000
836.783000
836.864000
837.168000
837.309000
837.614000
837.676000
837.927000
838.093000
838.357000
838.523000
838.779000
838.981000
839.115000
839.306000
839.455000
839.800000
839.944000
840.137000
840.282000
840.588000
840.704000
840.898000
841.098000
841.402000
841.510000
841.733000
841.995000
842.143000
842.329000
842.544000
842.728000
842.925000
843.065000
843.343000
843.575000
843.780000
843.872000
844.165000
844.369000
844.529000
844.690000
844.907000
845.146000
845.300000
845.414000
845.699000
845.901000
846.265000
846.368000
846.457000
846.716000
847.001000
847.170000
847.350000
847.484000
847.610000
847.963000
848.103000
848.363000
848.538000
848.768000
848.907000
849.139000
849.356000
849.448000
849.683000
849.933000
850.200000
850.338000
850.516000
850.790000
850.907000
851.209000
851.319000
851.584000
851.772000
852.032000
852.180000
852.336000
852.496000
852.718000
852.958000
853.073000
853.358000
853.481000
853.653000
853.869000
854.163000
854.339000
854.559000
854.702000
855.008000
855.108000
855.306000
855.508000
855.748000
855.932000
856.206000
856.329000
856.575000
856.757000
856.955000
857.123000
857.265000
857.492000
857.743000
857.929000
858.160000
858.286000
858.483000
858.716000
858.930000
859.169000
859.268000
859.506000
859.808000
859.994000
860.093000
860.382000
860.616000
860.710000
860.949000
861.120000
861.320000
861.541000
861.805000
861.966000
862.157000
862.305000
862.570000
862.749000
862.918000
863.096000
863.344000
863.558000
863.767000
863.918000
864.227000
864.366000
864.496000
864.737000
864.907000
865.190000
865.274000
865.489000
865.747000
866.015000
866.159000
866.315000
866.509000
866.745000
866.964000
867.130000
867.318000
867.547000
867.714000
867.906000
868.126000
868.377000
868.531000
868.724000
868.975000
869.107000
869.392000
869.503000
869.712000
869.888000
870.101000
870.293000
870.521000
870.760000
870.921000
871.128000
871.307000
871.520000
871.809000
871.896000
872.119000
872.307000
872.528000
872.867000
872.931000
873.068000
873.359000
873.525000
873.679000
873.977000
874.201000
874.360000
874.510000
874.698000
874.906000
875.091000
875.317000
875.544000
875.786000
875.982000
876.191000
876.346000
876.544000
876.715000
876.931000
877.091000
877.274000
877.551000
877.798000
877.872000
878.160000
878.350000
878.522000
878.685000
878.925000
879.178000
879.366000
879.526000
879.714000
879.945000
880.180000
880.361000
880.617000
880.723000
880.955000
881.148000
881.352000
881.555000
881.701000
881.905000
882.188000
882.385000
882.553000
882.703000
882.889000
883.200000
883.298000
883.444000
883.781000
883.904000
884.051000
884.323000
884.557000
884.721000
884.948000
885.117000
885.264000
885.516000
885.743000
885.902000
886.040000
886.306000
886.519000
886.718000
886.960000
887.203000
887.319000
887.498000
887.716000
887.971000
888.155000
888.288000
888.596000
888.742000
888.958000
889.188000
889.341000
889.518000
889.717000
889.919000
890.188000
890.342000
890.473000
890.746000
890.939000
891.147000
891.295000
891.536000
891.688000
891.964000
892.202000
892.429000
892.556000
892.688000
892.905000
893.178000
893.386000
893.525000
893.804000
893.969000
894.106000
894.282000
894.505000
894.717000
894.963000
895.107000
895.344000
895.551000
895.723000
895.931000
896.106000
896.350000
896.364000
896.752000
896.937000
897.125000
897.308000
897.605000
897.772000
897.999000
898.203000
898.389000
898.516000
898.768000
898.977000
899.036000
899.332000
899.500000
899.729000
899.968000
900.198000
900.290000
900.532000
900.728000
900.930000
901.179000
901.383000
901.498000
901.727000
901.853000
902.162000
902.331000
902.540000
902.754000
902.836000
903.119000
903.303000
903.580000
903.742000
903.927000
904.136000
904.387000
904.562000
904.780000
904.937000
905.130000
905.313000
905.486000
905.748000
905.933000
906.171000
906.367000
906.540000
906.699000
906.909000
907.099000
907.282000
907.489000
907.629000
907.970000
908.102000
908.311000
908.538000
908.729000
908.965000
909.144000
909.348000
909.507000
909.613000
909.911000
910.108000
910.379000
910.518000
910.756000
910.921000
911.118000
911.351000
911.594000
911.711000
911.803000
912.113000
912.348000
912.625000
912.772000
912.903000
913.112000
913.369000
913.596000
913.722000
913.915000
914.212000
914.352000
914.531000
914.746000
914.892000
915.199000
915.307000
915.523000
915.702000
915.893000
916.211000
916.314000
916.565000
916.630000
916.901000
917.146000
917.340000
917.412000
917.703000
917.956000
918.208000
918.356000
918.585000
918.774000
918.951000
919.165000
919.365000
919.565000
919.762000
919.937000
920.081000
920.263000
920.541000
920.743000
920.941000
921.140000
921.276000
921.440000
921.786000
921.921000
922.027000
922.327000
922.592000
922.787000
922.946000
923.092000
923.344000
923.571000
923.803000
923.938000
924.162000
924.307000
924.500000
924.775000
924.938000
925.121000
925.330000
925.537000
925.778000
925.986000
926.185000
926.256000
926.524000
926.816000
926.910000
927.073000
927.342000
927.593000
927.795000
927.950000
928.153000
928.353000
928.505000
928.754000
928.935000
929.167000
929.396000
929.608000
929.652000
929.896000
930.103000
930.332000
930.547000
930.704000
930.925000
931.169000
931.247000
931.551000
931.794000
931.956000
932.138000
932.387000
932.548000
932.784000
932.943000
933.142000
933.284000
933.555000
933.784000
933.907000
934.148000
934.361000
934.556000
934.735000
934.969000
935.209000
935.340000
935.484000
935.736000
935.834000
936.152000
936.340000
936.448000
936.707000
936.985000
937.163000
937.385000
937.539000
937.741000
937.959000
938.093000
938.295000
938.505000
938.763000
938.907000
939.212000
939.326000
939.505000
939.748000
939.957000
940.162000
940.371000
940.573000
940.797000
940.998000
941.146000
941.358000
941.598000
941.694000
941.938000
942.123000
942.271000
942.601000
942.767000
942.948000
943.163000
943.328000
943.550000
943.698000
943.966000
944.134000
944.335000
944.500000
944.771000
944.852000
945.140000
945.313000
945.519000
945.729000
945.876000
946.097000
946.320000
946.585000
946.655000
946.854000
947.102000
947.219000
947.485000
947.699000
947.942000
948.123000
948.339000
948.602000
948.699000
948.947000
949.137000
949.377000
949.563000
949.768000
949.751000
950.139000
950.349000
950.584000
950.775000
950.914000
951.118000
951.266000
951.523000
951.783000
951.941000
952.118000
952.300000
952.545000
952.729000
952.866000
953.169000
953.303000
953.543000
953.761000
953.972000
954.037000
954.314000
954.597000
954.758000
954.845000
955.118000
955.310000
955.501000
955.742000
955.950000
956.062000
956.320000
956.515000
956.719000
957.039000
957.163000
957.308000
957.608000
957.712000
957.901000
958.113000
958.247000
958.496000
958.762000
958.894000
959.160000
959.418000
959.562000
959.790000
959.860000
960.144000
960.287000
960.475000
960.795000
960.869000
961.184000
961.325000
961.511000
961.770000
961.952000
962.132000
962.280000
962.481000
962.672000
962.890000
963.146000
963.327000
963.488000
963.637000
963.946000
964.196000
964.295000
964.496000
964.783000
964.914000
965.119000
965.301000
965.502000
965.742000
965.974000
966.185000
966.342000
966.477000
966.750000
966.972000
967.119000
967.322000
967.511000
967.746000
967.954000
968.095000
968.363000
968.587000
968.755000
968.921000
969.068000
969.365000
969.505000
969.721000
969.906000
970.188000
970.386000
970.559000
970.620000
970.894000
971.080000
971.358000
971.532000
971.757000
971.996000
972.162000
972.240000
972.567000
972.730000
973.007000
973.109000
973.342000
973.595000
973.686000
973.957000
974.150000
974.335000
974.474000
974.809000
974.929000
975.110000
975.323000
975.553000
975.744000
975.918000
976.156000
976.374000
976.482000
976.740000
976.930000
977.162000
977.324000
977.541000
977.702000
977.932000
978.018000
978.352000
978.479000
978.741000
978.984000
979.201000
979.364000
979.553000
979.743000
979.897000
980.102000
980.327000
980.518000
980.853000
980.879000
981.102000
981.236000
981.500000
981.713000
981.939000
982.108000
982.313000
982.574000
982.752000
982.973000
983.101000
983.304000
983.494000
983.775000
983.952000
984.121000
984.337000
984.527000
984.803000
984.875000
985.114000
985.327000
985.541000
985.783000
985.947000
986.068000
986.326000
986.478000
986.744000
986.903000
987.032000
987.226000
987.466000
987.612000
987.889000
988.088000
988.291000
988.563000
988.758000
988.933000
989.137000
989.359000
989.568000
989.700000
989.964000
990.138000
990.274000
990.516000
990.691000
990.946000
991.140000
991.354000
991.509000
991.678000
991.979000
992.162000
992.358000
992.476000
992.703000
992.899000
993.187000
993.363000
993.519000
993.719000
993.928000
994.118000
994.244000
994.549000
994.724000
994.900000
995.197000
995.384000
995.594000
995.736000
995.910000
996.197000
996.440000
996.516000
996.729000
997.055000
997.121000
997.342000
997.583000
997.748000
997.893000
998.102000
998.349000
998.630000
998.826000
998.942000
999.169000
999.324000
999.562000
999.656000
999.911000
1000.180000
1000.330000
1000.500000
1000.740000
1000.900000
1001.080000
1001.380000
1001.610000
1001.730000
1001.860000
1002.170000
1002.410000
1002.530000
1002.840000
1002.890000
1003.120000
1003.310000
1003.530000
1003.810000
1003.910000
1004.120000
1004.330000
1004.590000
1004.740000
1004.920000
1005.080000
1005.370000
1005.570000
1005.770000
1005.970000
1006.110000
1006.400000
1006.520000
1006.720000
1006.970000
1007.180000
1007.280000
1007.590000
1007.740000
1007.920000
1008.090000
1008.350000
1008.650000
1008.770000
1008.980000
1009.170000
1009.320000
1009.460000
1009.680000
1009.910000
1010.190000
1010.260000
1010.500000
1010.690000
1010.930000
1011.130000
1011.330000
1011.460000
1011.680000
1011.910000
1012.140000
1012.350000
1012.510000
1012.710000
1012.930000
1013.120000
1013.420000
1013.570000
1013.730000
1013.930000
1014.120000
1014.370000
1014.600000
1014.780000
1014.920000
1015.130000
1015.310000
1015.580000
1015.760000
1015.940000
1016.140000
1016.290000
1016.620000
1016.820000
1016.910000
1017.120000
1017.300000
1017.500000
1017.680000
1017.890000
1018.120000
1018.360000
1018.530000
1018.700000
1018.980000
1019.200000
1019.370000
1019.510000
1019.690000
1019.940000
1020.180000
1020.350000
1020.510000
1020.630000
1020.850000
1021.160000
1021.400000
1021.570000
1021.760000
1021.960000
1022.210000
1022.370000
1022.420000
1022.740000
1023.000000
1023.140000
1023.370000
1023.590000
1023.720000
1023.930000
1024.160000
1024.330000
1024.530000
1024.790000
1025.020000
1025.090000
1025.360000
1025.490000
1025.720000
1025.950000
1026.100000
1026.320000
1026.540000
1026.730000
1027.010000
1027.180000
1027.300000
1027.510000
1027.780000
1027.890000
1028.100000
1028.370000
1028.480000
1028.790000
1028.980000
1029.120000
1029.310000
1029.510000
1029.710000
1029.910000
1030.140000
1030.250000
1030.550000
1030.780000
1031.020000
1031.160000
1031.320000
1031.560000
1031.730000
1031.870000
1032.170000
1032.230000
1032.520000
1032.800000
1032.940000
1033.070000
1033.260000
1033.540000
1033.710000
1033.950000
1034.140000
1034.250000
1034.510000
1034.800000
1034.940000
1035.120000
1035.240000
1035.470000
1035.730000
1035.970000
1036.190000
1036.380000
1036.560000
1036.730000
1036.880000
1037.170000
1037.330000
1037.580000
1037.750000
1037.910000
1038.140000
1038.390000
1038.570000
1038.710000
1038.940000
1039.110000
1039.280000
1039.500000
1039.800000
1039.900000
1040.140000
1040.380000
1040.530000
1040.720000
1040.960000
1041.160000
1041.390000
1041.570000
1041.800000
1041.910000
1042.100000
1042.360000
1042.510000
1042.740000
1043.020000
1043.130000
1043.260000
1043.510000
1043.650000
1043.980000
1044.230000
1044.340000
1044.500000
1044.630000
1044.940000
1045.240000
1045.380000
1045.510000
1045.770000
1045.910000
1046.120000
1046.300000
1046.550000
1046.670000
1046.910000
1047.120000
1047.240000
1047.450000
1047.770000
1047.910000
