26.624200
26.704200
26.657600
26.660400
26.624300
26.672300
26.678600
26.670600
26.636000
26.628800
26.626500
26.635800
26.673400
26.640800
26.690000
26.669200
26.631000
26.666000
26.633200
26.619000
26.627700
26.706500
26.637800
26.647300
26.635300
26.680400
26.715300
26.665600
26.673900
26.645900
26.643600
26.637300
26.691300
26.691200
26.662800
26.670300
26.643900
26.675200
26.677800
26.680500
26.635600
26.659900
26.689000
26.631600
26.702500
26.629100
26.662400
26.692100
26.646700
26.683300
26.647900
26.671700
26.659700
26.670300
26.690200
26.676700
26.629400
26.665900
26.639100
26.669200
26.693800
26.642900
26.647000
26.615700
26.655300
26.684200
26.668600
26.651100
26.671900
26.668200
26.677300
26.662600
26.649300
26.645700
26.692000
26.645400
26.675600
26.645800
26.643000
26.703000
26.619300
26.672300
26.670200
26.674700
26.661400
26.688300
26.638400
26.652900
26.656900
26.642500
26.667400
26.676600
26.658100
26.627100
26.639900
26.648100
26.710500
26.664400
26.679900
26.674700
26.624700
26.695400
26.641900
26.669600
26.692300
26.662400
26.694600
26.674200
26.640500
26.644800
26.654000
26.667700
26.642400
26.638500
26.663700
26.634600
26.647300
26.668300
26.695700
26.659300
26.636900
26.691700
26.659700
26.718500
26.656100
26.669900
26.672300
26.641500
26.693300
26.638100
26.678600
26.628400
26.671800
26.630500
26.663500
26.643100
26.641800
26.672000
26.678000
26.654900
26.637200
26.666600
26.656100
26.643000
26.675000
26.627900
26.641000
26.660900
26.746100
26.637900
26.655400
26.720400
26.683200
26.685100
26.647000
26.673300
26.646000
26.659200
26.647000
26.712900
26.632800
26.652700
26.652500
26.699800
26.675600
26.646000
26.671200
26.655400
26.655400
26.674700
26.640600
26.718200
26.642800
26.635800
26.651400
26.624300
26.676700
26.690100
26.627700
26.631700
26.656700
26.634700
26.687500
26.659700
26.677500
26.725400
26.710100
26.687200
26.629600
26.646200
26.673900
26.644000
26.680000
26.697500
26.706300
26.704000
26.642800
26.625700
26.670200
26.652900
26.621700
26.669300
26.621100
26.652800
26.638700
26.645000
26.689500
26.632200
26.714500
26.705300
26.667500
26.658000
26.637200
26.632800
26.630900
26.629900
26.618100
26.633400
26.653500
26.685800
26.638400
26.649200
26.649100
26.639600
26.645300
26.651800
26.660700
26.685900
26.645300
26.639900
26.643500
26.637700
26.667600
26.653600
26.658700
26.638100
26.665300
26.622400
26.635100
26.670300
26.666300
26.658600
26.700400
26.659000
26.674300
26.652800
26.646100
26.645900
26.685600
26.648400
26.658400
26.650000
26.658500
26.631900
26.655200
26.663600
26.644500
26.682600
26.631600
26.659700
26.685500
26.676600
26.636600
26.691500
26.663400
26.680100
26.643700
26.649100
26.688300
26.630000
26.648700
26.650000
26.630700
26.613700
26.652200
26.645300
26.668500
26.649100
26.625600
26.643900
26.637400
26.660300
26.639300
26.655900
26.682800
26.656100
26.662600
26.632800
26.654000
26.700300
26.659000
26.656300
26.712100
26.630400
26.639700
26.670700
26.654600
26.628100
26.655900
26.643800
26.643600
26.647100
26.648600
26.659800
26.691300
26.676700
26.689200
26.643800
26.641200
26.661100
26.680400
26.641600
26.681800
26.625900
26.651400
26.625800
26.643600
26.649700
26.656700
26.654200
26.645000
26.631800
26.678900
26.635200
26.694300
26.662600
26.669800
26.673000
26.654300
26.660900
26.634700
26.647300
26.642700
26.641000
26.634800
26.630100
26.678600
26.645000
26.655700
26.641000
26.651700
26.651100
26.663200
26.630100
26.659100
26.626600
26.662200
26.742300
26.656000
26.645200
26.626500
26.641700
26.638100
26.653200
26.636000
26.661100
26.645500
26.640100
26.647100
26.685600
26.640100
26.620700
26.632000
26.612400
26.628400
26.703300
26.624400
26.692000
26.647300
26.640000
26.658800
26.664900
26.679900
26.636600
26.629400
26.646300
26.664300
26.665500
26.628900
26.666600
26.667600
26.661700
26.645400
26.644000
26.652100
26.626500
26.645000
26.658800
26.659000
26.666000
26.647100
26.666400
26.682700
26.651500
26.638300
26.646600
26.698800
26.633600
26.648600
26.662200
26.653300
26.664000
26.657900
26.666900
26.656900
26.656800
26.649400
26.701200
26.620800
26.652800
26.654200
26.686200
26.658500
26.654400
26.648300
26.651000
26.662100
26.703000
26.702800
26.659000
26.677600
26.643100
26.659500
26.632700
26.666300
26.660300
26.658900
26.657200
26.664100
26.650600
26.648000
26.628200
26.683800
26.659900
26.644000
26.640900
26.641200
26.702100
26.637000
26.681300
26.631400
26.688300
26.663200
26.699700
26.660800
26.681300
26.668700
26.672200
26.679300
26.629400
26.666500
26.681900
26.636100
26.634000
26.653100
26.661200
26.652200
26.652200
26.667900
26.641300
26.684800
26.638200
26.660900
26.662100
26.636400
26.673400
26.643100
26.664000
26.645900
26.644800
26.661900
26.650200
26.669200
26.678900
26.630300
26.643500
26.648600
26.654200
26.721200
26.656300
26.648200
26.642200
26.684600
26.673300
26.638100
26.651900
26.683000
26.639400
26.650100
26.696300
26.651000
26.678900
26.662200
26.628500
26.658900
26.649500
26.636200
26.674200
26.640000
26.651800
26.648600
26.665700
26.719300
26.676900
26.665000
26.638000
26.638400
26.676900
26.653300
26.662400
26.706900
26.635100
26.631700
26.646000
26.630800
26.683600
26.651600
26.671900
26.646400
26.681700
26.675600
26.678400
26.635600
26.671900
26.679200
26.625300
26.640500
26.651700
26.665100
26.652200
26.637300
26.611200
26.640500
26.665900
26.624500
26.699100
26.624700
26.671500
26.675400
26.676000
26.629600
26.649000
26.639600
26.650500
26.650900
26.653800
26.638100
26.672600
26.675900
26.680900
26.655400
26.652700
26.636300
26.669100
26.696900
26.670900
26.639800
26.670400
26.644100
26.662600
26.665600
26.656100
26.618600
26.672400
26.690200
26.626600
26.665900
26.635400
26.626300
26.637900
26.631900
26.660900
26.667500
26.670400
26.651100
26.651800
26.653900
26.691300
26.629800
26.631300
26.689800
26.650100
26.651300
26.649900
26.704800
26.657000
26.646500
26.635000
26.683000
26.649500
26.636200
26.668800
26.673000
26.654400
26.641600
26.630500
26.623500
26.642000
26.635200
26.641800
26.702600
26.652000
26.622600
26.674700
26.674400
26.668700
26.674600
26.620800
26.665000
26.673100
26.631500
26.643400
26.665600
26.658900
26.677100
26.648600
26.654600
26.650900
26.681200
26.668800
26.665600
26.703800
26.654000
26.653900
26.638700
26.653700
26.649000
26.674300
26.676600
26.636600
26.648200
26.640300
26.665000
26.648700
26.672100
26.675100
26.659500
26.644500
26.683400
26.644700
26.660400
26.689000
26.653300
26.715100
26.661700
26.637600
26.671300
26.673600
26.650600
26.681900
26.646100
26.653500
26.648800
26.657600
26.633000
26.661400
26.649300
26.631000
26.676300
26.678800
26.653700
26.634600
26.674600
26.667400
26.647300
26.635900
26.661000
26.645000
26.682900
26.667800
26.632700
26.651300
26.654400
26.677100
26.658000
26.646300
26.658400
26.645200
26.749400
26.680500
26.643800
26.660400
26.711800
26.672800
26.637400
26.676200
26.637600
26.682100
26.726100
26.654300
26.667100
26.688800
26.679300
26.646500
26.632700
26.686600
26.642600
26.657800
26.669800
26.628100
26.653500
26.683400
26.663200
26.671900
26.652000
26.684600
26.651500
26.630500
26.623900
26.670600
26.659600
26.677800
26.673900
26.678700
26.638300
26.644800
26.661700
26.652300
26.676300
26.675400
26.665400
26.648600
26.644900
26.630800
26.647400
26.638700
26.643300
26.661700
26.652800
26.668900
26.641600
26.635600
26.657500
26.699000
26.652000
26.662500
26.625500
26.693800
26.645400
26.653400
26.653000
26.686200
26.710200
26.639200
26.685900
26.675300
26.649500
26.634400
26.642200
26.652600
26.670900
26.669500
26.630500
26.661200
26.636900
26.669800
26.678300
26.671600
26.680200
26.679100
26.622300
26.677100
26.665500
26.660200
26.656300
26.643900
26.719900
26.658400
26.725200
26.633400
26.627000
26.634900
26.688200
26.666100
26.676600
26.657700
26.631100
26.661400
26.682300
26.660300
26.672900
26.639300
26.646100
26.641200
26.647700
26.651800
26.668700
26.632600
26.676800
26.620100
26.689800
26.666600
26.648700
26.658800
26.671600
26.634900
26.673000
26.647800
26.636800
26.635600
26.626600
26.632200
26.653500
26.646700
26.669500
26.671000
26.666200
26.665900
26.668500
26.696100
26.664200
26.651600
26.663100
26.652800
26.658600
26.711600
26.658700
26.654400
26.671100
26.688200
26.639900
26.639600
26.693400
26.684500
26.654800
26.682900
26.658700
26.639700
26.705300
26.641900
26.666300
26.653800
26.660600
26.627000
26.650100
26.697700
26.693400
26.673200
26.646500
26.643500
26.663300
26.653400
26.695200
26.678200
26.609400
26.698700
26.645500
26.636100
26.678800
26.635100
26.634600
26.673500
26.724300
26.626700
26.615700
26.641700
26.673800
26.651200
26.687400
26.660600
26.642100
26.648300
26.656900
26.613500
26.689700
26.651800
26.680400
26.634500
26.662000
26.696000
26.675000
26.693800
26.676600
26.626900
26.659400
26.665300
26.644100
26.672100
26.654900
26.643300
26.670000
26.653100
26.687500
26.652500
26.673400
26.640300
26.627200
26.667700
26.691100
26.705100
26.660600
26.705300
26.683100
26.711000
26.663100
26.670500
26.627200
26.663600
26.662200
26.656100
26.647900
26.629900
26.648200
26.668300
26.723900
26.647100
26.652500
26.652900
26.669500
26.695300
26.689900
26.640800
26.673500
26.672700
26.648500
26.620900
26.665100
26.689900
26.648200
26.678400
26.670700
26.641700
26.660800
26.682000
26.623000
26.657700
26.650400
26.664300
26.665000
26.661600
26.636400
26.650900
26.664400
26.636900
26.636400
26.646100
26.619700
26.640700
26.662300
26.699800
26.638100
26.637600
26.680400
26.638300
26.616500
26.636000
26.648300
26.692000
26.669500
26.658000
26.654000
26.652800
26.669600
26.641400
26.681500
26.644300
26.661700
26.633900
26.644700
26.684400
26.625500
26.667000
26.671300
26.645600
26.655300
26.670500
26.695500
26.646400
26.680000
26.645700
26.654600
26.664200
26.641000
26.643500
26.653200
26.690900
26.678000
26.646700
26.685700
26.653800
26.652600
26.647200
26.691100
26.667800
26.669400
26.684300
26.644400
26.689600
26.687000
26.628800
26.681000
26.648600
26.658200
26.693500
26.705600
26.669700
26.646300
26.663600
26.634000
26.673800
26.642200
26.677500
26.667900
26.631000
26.679200
26.660100
26.643000
26.715700
26.681300
26.647500
26.651700
26.662000
26.666000
26.628700
26.642800
26.647000
26.659200
26.697800
26.658400
26.630300
26.681400
26.672800
26.658200
26.678600
26.630600
26.729200
26.663000
26.655400
26.669200
26.649200
26.616900
26.627300
26.647300
26.666900
26.646100
26.677200
26.662600
26.712200
26.663700
26.649800
26.683200
26.646600
26.661600
26.651600
26.647100
26.641600
26.652200
26.657200
26.664400
26.649400
26.614300
26.652500
26.659500
26.661000
26.670300
26.655500
26.628900
26.648100
26.662300
26.663600
26.669100
26.624700
26.666900
26.669400
26.655600
26.652500
26.699200
26.647700
26.681100
26.658100
26.649400
26.687000
26.727200
26.662100
26.654300
26.635100
26.642700
26.669700
26.638100
26.646600
26.640200
26.669200
26.633300
26.656300
26.662400
26.638900
26.702200
26.643100
26.659100
26.648400
26.664400
26.624600
26.689400
26.656100
26.654400
26.628100
26.654300
26.631200
26.617800
26.625100
26.688400
26.665400
26.648200
26.631400
26.638000
26.668700
26.650900
26.682100
26.631100
26.642200
26.614200
26.667700
26.639100
26.676500
26.674200
26.655200
26.693800
26.663400
26.653200
26.646500
26.669500
26.692700
26.628000
26.693500
26.619400
26.642100
26.644500
26.649100
26.642500
26.653000
26.658500
26.652900
26.657000
26.664500
26.636700
26.666500
26.645900
26.660300
26.676000
26.649500
26.636000
26.650700
26.641400
26.681400
26.666800
26.633700
26.660900
26.661800
26.662800
26.669000
26.623300
26.678900
26.630700
26.695900
26.633500
26.651000
26.631900
26.649100
26.678300
26.648500
26.645100
26.654200
26.666200
26.610400
26.654600
26.614300
26.650300
26.697500
26.666100
26.643000
26.644100
26.695200
26.640000
26.631600
26.635200
26.655300
26.676800
26.645400
26.691200
26.687700
26.655400
26.647700
26.661900
26.667700
26.651600
26.681700
26.658700
26.672000
26.631600
26.645600
26.675900
26.717300
26.662000
26.638900
26.650700
26.665900
26.649600
26.640800
26.627000
26.639200
26.667000
26.666900
26.648700
26.651700
26.627300
26.656000
26.699800
26.666300
26.665500
26.678700
26.680500
26.666000
26.656100
26.646600
26.660700
26.666000
26.674600
26.648200
26.642300
26.639600
26.682500
26.657600
26.630100
26.668600
26.643200
26.680200
26.655600
26.669000
26.698400
26.674900
26.658400
26.654500
26.643200
26.675300
26.622600
26.619400
26.653400
26.667700
26.680900
26.653200
26.675000
26.649700
26.647100
26.675600
26.648800
26.622600
26.658800
26.701500
26.659100
26.654700
26.665000
26.659600
26.643400
26.627300
26.669200
26.645900
26.628400
26.630100
26.644400
26.683300
26.655400
26.703600
26.659800
26.639500
26.667500
26.651400
26.641700
26.643100
26.657800
26.693900
26.666100
26.677400
26.641500
26.713400
26.670000
26.675400
26.654500
26.665200
26.635900
26.641700
26.664600
26.646100
26.688200
26.720800
26.658600
26.671300
26.632900
26.647300
26.675100
26.702000
26.647100
26.654400
26.624700
26.630200
26.651600
26.631900
26.649400
26.637900
26.672400
26.664300
26.665700
26.646000
26.652300
26.671800
26.675300
26.655100
26.692600
26.647900
26.717500
26.659200
26.669600
26.654600
26.645100
26.632600
26.645700
26.619700
26.655900
26.695600
26.654400
26.648300
26.643700
26.674000
26.641900
26.647500
26.647700
26.653200
26.692600
26.663300
26.651200
26.635800
26.640600
26.651200
26.648400
26.655000
26.623400
26.674900
26.627700
26.755400
26.657000
26.625700
26.635400
26.652200
26.621800
26.663100
26.669300
26.655100
26.690500
26.644300
26.634400
26.666900
26.650300
26.707500
26.645500
26.640500
26.641600
26.619800
26.670200
26.609200
26.672400
26.657900
26.668700
26.636500
26.643100
26.664700
26.700400
26.650600
26.733600
26.639800
26.647100
26.674100
26.645800
26.650700
26.694000
26.656400
26.636100
26.637100
26.677200
26.649300
26.655700
26.657300
26.637700
26.659200
26.650400
26.647900
26.670100
26.664500
26.668900
26.657600
26.695000
26.658700
26.641000
26.648700
26.652400
26.671400
26.659300
26.667300
26.651000
26.634900
26.647200
26.623300
26.668300
26.658000
26.622400
26.645600
26.668800
26.664100
26.656800
26.730600
26.634800
26.644100
26.670900
26.713800
26.660900
26.630000
26.674300
26.624500
26.642200
26.664100
26.667000
26.656300
26.687800
26.654500
26.637800
26.635900
26.657600
26.704200
26.715100
26.649700
26.671000
26.633700
26.636000
26.652500
26.672900
26.672900
26.623900
26.665000
26.653800
26.679300
26.668200
26.699500
26.670900
26.674000
26.681400
26.670200
26.659400
26.637800
26.658200
26.662300
26.690400
26.674300
26.700900
26.675200
26.666500
26.641200
26.641500
26.651900
26.708200
26.627400
26.632100
26.658500
26.668100
26.660200
26.669800
26.664400
26.627600
26.667000
26.665300
26.628800
26.655200
26.720500
26.632400
26.708800
26.645700
26.637900
26.645200
26.661600
26.673300
26.659200
26.645000
26.682600
26.661600
26.650400
26.631300
26.654600
26.659700
26.657100
26.650600
26.669400
26.670400
26.629100
26.659000
26.650700
26.635700
26.618000
26.679400
26.641200
26.668600
26.709200
26.643000
26.637300
26.698900
26.676800
26.651100
26.628100
26.674400
26.670500
26.632800
26.654400
26.706500
26.658600
26.658200
26.671300
26.662100
26.629700
26.656400
26.620500
26.690500
26.681400
26.663800
26.646500
26.676400
26.651300
26.670500
26.689100
26.722200
26.685800
26.647600
26.666200
26.664300
26.693400
26.683000
26.657900
26.665900
26.664700
26.641100
26.651500
26.717900
26.676800
26.630600
26.666600
26.631900
26.691700
26.654500
26.650600
26.665000
26.677300
26.661100
26.635000
26.711600
26.647600
26.672600
26.689900
26.672600
26.651800
26.627500
26.655300
26.729100
26.667500
26.684600
26.637200
26.693300
26.698900
26.650300
26.658600
26.642000
26.640700
26.670000
26.689700
26.636900
26.668700
26.678700
26.624700
26.691700
26.676200
26.682300
26.687000
26.712100
26.626400
26.680300
26.642800
26.637800
26.648200
26.639300
26.639700
26.720500
26.695500
26.660300
26.659200
26.643700
26.645200
26.659500
26.633000
26.707900
26.666000
26.676300
26.659900
26.635400
26.645800
26.674500
26.692900
26.689300
26.654900
26.630400
26.673600
26.630400
26.649300
26.676000
26.668800
26.633100
26.660900
26.715500
26.635500
26.657500
26.674800
26.644800
26.680100
26.661900
26.686200
26.680600
26.666900
26.645700
26.647900
26.664700
26.655100
26.678200
26.686300
26.629900
26.667300
26.625600
26.667800
26.684300
26.657700
26.624100
26.652500
26.657600
26.642600
26.681800
26.679400
26.677200
26.669400
26.662500
26.634500
26.647400
26.652800
26.641400
26.622300
26.645400
26.646100
26.661000
26.658600
26.703700
26.639900
26.672300
26.662000
26.638200
26.640300
26.632600
26.659800
26.641100
26.678700
26.645200
26.655200
26.683700
26.663000
26.643300
26.659500
26.676800
26.699400
26.679100
26.690800
26.682200
26.643400
26.660700
26.699300
26.690400
26.678800
26.648900
26.637800
26.638000
26.642400
26.673300
26.644500
26.639800
26.647500
26.693700
26.694000
26.645200
26.673200
26.676700
26.664700
26.632600
26.646600
26.697400
26.665900
26.681500
26.675200
26.719300
26.649500
26.673400
26.629800
26.647500
26.685300
26.648600
26.680300
26.680700
26.664700
26.680200
26.659600
26.642100
26.665700
26.649200
26.673800
26.740500
26.687800
26.683100
26.641000
26.687500
26.629800
26.694600
26.679600
26.715000
26.639700
26.642400
26.644100
26.727600
26.636400
26.661500
26.633200
26.684200
26.642200
26.656500
26.687400
26.669600
26.673600
26.665400
26.656400
26.650400
26.685600
26.724700
26.655300
26.687500
26.672500
26.664800
26.631700
26.697400
26.650200
26.669000
26.649500
26.609100
26.690000
26.599500
26.694200
26.634800
26.650400
26.673500
26.688100
26.624900
26.682600
26.660900
26.633000
26.616100
26.674500
26.678100
26.652500
26.680600
26.661300
26.697300
26.642500
26.660900
26.618500
26.645300
26.671500
26.700100
26.656400
26.682400
26.653900
26.649900
26.660800
26.672700
26.743000
26.673200
26.660400
26.667800
26.655100
26.624100
26.648400
26.675300
26.654700
26.702000
26.658900
26.664300
26.677000
26.629100
26.636200
26.640500
26.672200
26.636700
26.692900
26.616600
26.677400
26.663100
26.684600
26.677700
26.686700
26.743900
26.641000
26.662300
26.692600
26.674000
26.681800
26.673100
26.655800
26.664900
26.622600
26.641500
26.644600
26.674200
26.654400
26.646300
26.659100
26.686400
26.659200
26.686500
26.643000
26.631100
26.621000
26.674200
26.650700
26.645900
26.680100
26.657600
26.625700
26.667600
26.641600
26.661800
26.676900
26.672100
26.632200
26.658000
26.666900
26.661500
26.638500
26.681900
26.634500
26.688400
26.675900
26.642600
26.679500
26.673400
26.653100
26.695700
26.645500
26.717400
26.656600
26.653700
26.650400
26.644600
26.654800
26.621000
26.637300
26.680200
26.635100
26.650700
26.664100
26.699700
26.660900
26.712600
26.667800
26.652500
26.654100
26.701900
26.631500
26.662200
26.650600
26.654700
26.704700
26.647400
26.701400
26.671300
26.668300
26.650900
26.647200
26.681300
26.639400
26.653700
26.652200
26.703000
26.679400
26.642100
26.648800
26.631300
26.652500
26.656600
26.667100
26.657900
26.654400
26.677200
26.641900
26.711800
26.644600
26.633800
26.657300
26.628700
26.661000
26.674200
26.660300
26.656800
26.658800
26.672700
26.668600
26.665900
26.666900
26.683800
26.684400
26.673600
26.642000
26.638000
26.659400
26.672300
26.647200
26.633900
26.629500
26.666500
26.653300
26.651100
26.641200
26.652800
26.635300
26.661700
26.644100
26.657300
26.681700
26.651100
26.658000
26.664300
26.622900
26.641100
26.665400
26.656300
26.684000
26.632100
26.628000
26.638400
26.648100
26.635300
26.628400
26.656400
26.689600
26.675100
26.639900
26.632800
26.648100
26.679800
26.685000
26.699600
26.620900
26.646900
26.658700
26.664200
26.670400
26.702700
26.643200
26.637200
26.647900
26.717000
26.661500
26.662300
26.689800
26.639300
26.670900
26.630000
26.678200
26.648500
26.648400
26.670700
26.694900
26.634500
26.696500
26.645200
26.686800
26.652600
26.652500
26.652900
26.639500
26.662000
26.654400
26.657900
26.660200
26.641400
26.650200
26.665400
26.648300
26.642400
26.650400
26.700000
26.656400
26.648900
26.698200
26.643500
26.697900
26.737200
26.655300
26.660500
26.635400
26.647400
26.650200
26.663900
26.652900
26.675700
26.682800
26.690600
26.675600
26.627100
26.683900
26.689100
26.614500
26.657700
26.668500
26.668500
26.671200
26.660300
26.660900
26.688000
26.662100
26.637300
26.672200
26.642900
26.628400
26.672700
26.625300
26.651700
26.640900
26.628500
26.640900
26.631100
26.628200
26.692400
26.683000
26.651300
26.669300
26.705100
26.667900
26.658500
26.677500
26.706900
26.636100
26.667700
26.661300
26.661400
26.632800
26.674700
26.662200
26.609000
26.664300
26.683000
26.643200
26.655600
26.687400
26.630000
26.661000
26.665300
26.680000
26.622100
26.630300
26.662400
26.625200
26.658600
26.664600
26.668400
26.639600
26.660800
26.653900
26.636500
26.658400
26.640900
26.667900
26.612300
26.641500
26.634000
26.648900
26.651400
26.620100
26.670200
26.637400
26.678200
26.660400
26.675400
26.641700
26.644900
26.626400
26.645200
26.666000
26.611600
26.667100
26.643400
26.644000
26.625200
26.658200
26.656400
26.651600
26.660800
26.645800
26.650800
26.644100
26.662900
26.659700
26.647700
26.635300
26.681200
26.655300
26.637600
26.635300
26.622200
26.672000
26.664400
26.660800
26.642500
26.643100
26.632700
26.661000
26.693200
26.668600
26.674600
26.667800
26.655100
26.635500
26.661600
26.643500
26.675100
26.688400
26.640700
26.703600
26.677400
26.641100
26.652600
26.676400
26.703100
26.680400
26.676500
26.643100
26.641800
26.652100
26.666100
26.653100
26.653300
26.689900
26.630800
26.638600
26.656300
26.674600
26.635200
26.657500
26.663600
26.633500
26.663000
26.675500
26.632700
26.636200
26.672200
26.684400
26.645600
26.653000
26.696900
26.639500
26.642300
26.684700
26.664800
26.680400
26.619500
26.625100
26.649800
26.645400
26.672300
26.635700
26.678900
26.670600
26.697500
26.674800
26.636500
26.666100
26.646100
26.650000
26.665000
26.644500
26.693700
26.635800
26.644800
26.641400
26.660300
26.646800
26.635100
26.622800
26.648800
26.639700
26.655800
26.682500
26.640900
26.705100
26.655600
26.653900
26.690200
26.689400
26.670800
26.643600
26.679500
26.648600
26.650300
26.672300
26.617900
26.679000
26.655800
26.694200
26.648900
26.632600
26.723400
26.651900
26.770000
26.649600
26.636700
26.623200
26.633500
26.625500
26.707300
26.667900
26.641300
26.647700
26.643000
26.640000
26.672800
26.648100
26.694300
26.674900
26.662900
26.652300
26.655500
26.633500
26.668600
26.623600
26.653700
26.677600
26.656100
26.659000
26.634100
26.675300
26.680500
26.651000
26.663000
26.673800
26.636000
26.639300
26.630200
26.658100
26.631600
26.685400
26.643800
26.625200
26.637000
26.690700
26.640800
26.638700
26.644800
26.661900
26.641900
26.614600
26.671200
26.680500
26.638900
26.647900
26.677200
26.634000
26.630000
26.683600
26.640200
26.653100
26.684600
26.644100
26.640700
26.649400
26.661400
26.650700
26.644600
26.735400
26.675900
26.672800
26.637700
26.660500
26.721600
26.639800
26.692700
26.644600
26.655600
26.643100
26.644200
26.716800
26.653300
26.680100
26.638400
26.693000
26.633500
26.661700
26.699100
26.728700
26.652800
26.631600
26.709100
26.658300
26.651100
26.665200
26.672600
26.754800
26.641500
26.655100
26.661000
26.644100
26.669000
26.646100
26.686900
26.660000
26.668400
26.650900
26.643800
26.656900
26.644500
26.662900
26.661000
26.685000
26.636700
26.634700
26.656300
26.651900
26.643800
26.679400
26.686600
26.645000
26.644700
26.661400
26.657500
26.665300
26.652800
26.671400
26.643800
26.663200
26.657300
26.670000
26.645200
26.643100
26.675700
26.684000
26.624700
26.627300
26.620900
26.649400
26.650600
26.671300
26.637700
26.668500
26.652400
26.635600
26.629100
26.655400
26.682700
26.627500
26.651900
26.667300
26.677200
26.646600
26.608000
26.635900
26.621300
26.676100
26.681500
26.645000
26.649100
26.643700
26.626000
26.689400
26.655600
26.633500
26.648000
26.666100
26.628500
26.687000
26.655100
26.665200
26.640000
26.666500
26.636800
26.685600
26.667600
26.641900
26.704300
26.664100
26.689500
26.655800
26.630400
26.660300
26.675100
26.642600
26.683600
26.691200
26.632300
26.651200
26.672400
26.630900
26.679300
26.671400
26.640900
26.624500
26.631200
26.618900
26.652000
26.655700
26.655400
26.649800
26.680000
26.670100
26.646700
26.661700
26.652600
26.637700
26.641900
26.630600
26.675100
26.657300
26.652300
26.652900
26.625400
26.674400
26.665000
26.647100
26.644700
26.726900
26.642800
26.636000
26.716000
26.654300
26.661300
26.637200
26.673200
26.672600
26.632000
26.634200
26.669400
26.657700
26.673300
26.622900
26.642900
26.679100
26.664500
26.704400
26.707900
26.638800
26.681500
26.690600
26.669600
26.663200
26.652000
26.677200
26.643800
26.679300
26.636500
26.668200
26.645800
26.644200
26.640100
26.640800
26.652200
26.652700
26.638400
26.650600
26.653500
26.650600
26.639000
26.636400
26.678800
26.640500
26.655700
26.705400
26.681300
26.690100
26.630600
26.652200
26.618600
26.666500
26.692100
26.680700
26.656900
26.652200
26.656600
26.625000
26.649700
26.709500
26.635100
26.639500
26.664100
26.680600
26.665700
26.648000
26.644300
26.666100
26.674600
