547.907000
548.160000
548.240000
548.482000
548.706000
548.872000
549.114000
549.372000
549.482000
549.702000
549.947000
550.069000
550.397000
550.522000
550.791000
550.896000
551.143000
551.315000
551.535000
551.734000
551.981000
552.128000
552.299000
552.533000
552.570000
552.960000
553.181000
553.370000
553.484000
553.721000
553.903000
554.080000
554.417000
554.475000
554.702000
554.974000
555.108000
555.397000
555.538000
555.699000
555.776000
556.126000
556.377000
556.582000
556.709000
556.902000
557.146000
557.351000
557.487000
557.716000
557.907000
558.069000
558.331000
558.508000
558.771000
558.878000
559.125000
559.278000
559.547000
559.698000
559.916000
560.133000
560.393000
560.575000
560.731000
560.891000
561.158000
561.447000
561.445000
561.690000
561.963000
562.086000
562.387000
562.548000
562.751000
562.991000
563.084000
563.296000
563.553000
563.709000
563.884000
564.148000
564.386000
564.406000
564.674000
564.943000
565.081000
565.376000
565.529000
565.702000
565.913000
566.076000
566.311000
566.530000
566.701000
566.907000
567.077000
567.332000
567.515000
567.703000
567.911000
568.167000
568.353000
568.522000
568.685000
568.898000
569.149000
569.309000
569.489000
569.750000
569.947000
570.112000
570.306000
570.434000
570.711000
570.890000
571.001000
571.363000
571.602000
571.781000
571.919000
572.147000
572.333000
572.584000
572.725000
572.912000
573.151000
573.253000
573.458000
573.723000
573.916000
574.175000
574.330000
574.514000
574.737000
574.917000
575.095000
575.253000
575.555000
575.742000
575.947000
576.111000
576.305000
576.538000
576.733000
576.957000
577.091000
577.288000
577.551000
577.729000
577.888000
578.150000
578.371000
578.499000
578.639000
578.893000
579.140000
579.378000
579.550000
579.611000
579.934000
580.164000
580.291000
580.565000
580.729000
580.977000
581.164000
581.314000
581.478000
581.739000
581.979000
582.088000
582.357000
582.499000
582.692000
582.817000
583.064000
583.339000
583.607000
583.684000
583.776000
584.143000
584.366000
584.568000
584.762000
584.852000
585.036000
585.328000
585.569000
585.767000
585.979000
586.165000
586.316000
586.451000
586.700000
586.856000
587.042000
587.354000
587.600000
587.733000
587.940000
588.038000
588.335000
588.549000
588.705000
588.881000
589.107000
589.381000
589.562000
589.695000
589.885000
590.098000
590.346000
590.541000
590.798000
590.956000
591.101000
591.384000
591.482000
591.715000
591.973000
592.177000
592.387000
592.530000
592.683000
592.867000
593.098000
593.330000
593.509000
593.760000
593.968000
594.041000
594.189000
594.464000
594.737000
594.904000
595.121000
595.433000
595.588000
595.758000
595.879000
596.046000
596.316000
596.636000
596.777000
596.919000
597.056000
597.361000
597.539000
597.758000
597.924000
598.104000
598.247000
598.509000
598.704000
598.910000
599.098000
599.262000
599.575000
599.700000
599.882000
600.014000
600.215000
600.495000
600.755000
600.951000
601.127000
601.310000
601.588000
601.745000
601.944000
602.071000
602.241000
602.514000
602.742000
602.846000
603.149000
603.320000
603.482000
603.790000
603.898000
604.189000
604.263000
604.491000
604.746000
605.000000
605.116000
605.323000
605.576000
605.667000
605.982000
606.016000
606.297000
606.550000
606.723000
606.916000
607.141000
607.245000
607.523000
607.741000
607.937000
608.168000
608.281000
608.484000
608.642000
608.954000
609.149000
609.376000
609.454000
609.730000
609.899000
610.186000
610.402000
610.604000
610.736000
610.950000
611.163000
611.312000
611.579000
611.754000
611.897000
612.148000
612.365000
612.590000
612.733000
612.915000
613.160000
613.378000
613.533000
613.764000
613.901000
614.144000
614.277000
614.552000
614.759000
614.930000
615.090000
615.242000
615.567000
615.824000
615.958000
616.135000
616.200000
616.540000
616.743000
616.984000
617.115000
617.327000
617.473000
617.652000
617.937000
618.148000
618.393000
618.505000
618.659000
618.920000
619.074000
619.310000
619.515000
619.743000
619.930000
620.095000
620.259000
620.477000
620.700000
620.905000
621.030000
621.287000
621.530000
621.725000
621.896000
622.078000
622.240000
622.586000
622.776000
622.961000
623.135000
623.289000
623.534000
623.681000
623.906000
624.117000
624.313000
624.396000
624.709000
624.940000
625.108000
625.365000
625.422000
625.661000
625.889000
626.120000
626.304000
626.462000
626.763000
626.972000
627.125000
627.326000
627.525000
627.668000
627.880000
628.081000
628.376000
628.437000
628.742000
628.896000
629.155000
629.326000
629.530000
629.766000
629.967000
630.112000
630.386000
630.475000
630.741000
630.878000
631.128000
631.332000
631.501000
631.745000
631.962000
632.033000
632.336000
632.496000
632.755000
632.787000
633.035000
633.264000
633.515000
633.668000
633.995000
634.150000
634.332000
634.484000
634.707000
634.872000
635.086000
635.319000
635.416000
635.787000
635.985000
636.099000
636.396000
636.463000
636.718000
636.907000
637.135000
637.362000
637.552000
637.711000
637.944000
638.155000
638.330000
638.501000
638.728000
638.956000
639.183000
639.403000
639.444000
639.634000
639.964000
640.086000
640.207000
640.514000
640.660000
640.921000
641.119000
641.304000
641.531000
641.737000
641.895000
642.143000
642.244000
642.483000
642.749000
642.936000
643.130000
643.359000
643.447000
643.676000
643.915000
644.131000
644.369000
644.515000
644.702000
644.943000
645.065000
645.270000
645.429000
645.735000
645.959000
646.170000
646.318000
646.513000
646.687000
646.816000
647.222000
647.376000
647.560000
647.717000
647.856000
648.136000
648.384000
648.538000
648.635000
648.881000
649.128000
649.335000
649.529000
649.715000
649.878000
650.193000
650.263000
650.536000
650.743000
650.910000
651.051000
651.319000
651.497000
651.745000
651.862000
652.154000
652.429000
652.561000
652.653000
652.858000
653.056000
653.338000
653.557000
653.669000
653.957000
654.125000
654.271000
654.564000
654.844000
654.924000
655.098000
655.256000
655.502000
655.692000
655.904000
656.147000
656.230000
656.508000
656.623000
656.875000
657.145000
657.353000
657.528000
657.696000
657.968000
658.072000
658.306000
658.545000
658.789000
658.881000
659.079000
659.289000
659.479000
659.743000
659.862000
660.071000
660.396000
660.526000
660.650000
660.895000
661.015000
661.372000
661.503000
661.595000
661.943000
662.097000
662.414000
662.640000
662.747000
662.886000
663.113000
663.316000
663.413000
663.640000
663.883000
664.154000
664.368000
664.590000
664.695000
664.946000
665.150000
665.409000
665.466000
665.684000
665.944000
666.043000
666.360000
666.502000
666.743000
666.893000
667.100000
667.323000
667.500000
667.636000
667.926000
668.094000
668.327000
668.475000
668.719000
668.916000
669.174000
669.361000
669.574000
669.717000
669.873000
670.130000
670.381000
670.516000
670.793000
670.905000
671.090000
671.296000
671.582000
671.705000
671.964000
672.053000
672.297000
672.539000
672.719000
672.869000
673.078000
673.305000
673.533000
673.721000
673.939000
674.115000
674.295000
674.473000
674.730000
674.928000
675.204000
675.296000
675.556000
675.743000
675.947000
676.168000
676.296000
676.568000
676.687000
676.930000
677.091000
677.330000
677.519000
677.708000
677.966000
678.081000
678.349000
678.476000
678.755000
678.916000
679.028000
679.346000
679.578000
679.754000
679.920000
680.033000
680.280000
680.512000
680.641000
680.765000
681.128000
681.348000
681.483000
681.763000
681.920000
682.068000
682.344000
682.581000
682.709000
682.904000
683.075000
683.258000
683.428000
683.660000
683.990000
684.011000
684.336000
684.505000
684.664000
684.951000
685.086000
685.331000
685.471000
685.699000
685.873000
686.133000
686.334000
686.399000
686.654000
686.917000
687.120000
687.372000
687.421000
687.714000
687.869000
688.162000
688.321000
688.501000
688.695000
688.880000
689.168000
689.325000
689.506000
689.676000
689.981000
690.094000
690.325000
690.525000
690.729000
690.902000
691.104000
691.365000
691.560000
691.663000
691.879000
692.088000
692.344000
692.558000
692.619000
692.961000
693.090000
693.287000
693.498000
693.719000
693.939000
694.114000
694.302000
694.580000
694.659000
694.905000
695.174000
695.335000
695.508000
695.633000
695.865000
696.077000
696.298000
696.573000
696.659000
696.946000
697.035000
697.339000
697.473000
697.732000
697.866000
698.103000
698.237000
698.509000
698.747000
698.920000
699.055000
699.366000
699.503000
699.669000
699.920000
700.112000
700.248000
700.504000
700.759000
701.012000
701.065000
701.250000
701.411000
701.711000
701.898000
702.070000
702.313000
702.521000
702.676000
702.929000
703.085000
703.355000
703.539000
703.690000
703.885000
704.151000
704.230000
704.559000
704.693000
704.884000
705.138000
705.264000
705.504000
705.715000
705.940000
706.121000
706.353000
706.530000
706.725000
706.946000
707.134000
707.244000
707.474000
707.661000
707.857000
708.105000
708.328000
708.484000
708.587000
708.847000
709.161000
709.293000
709.505000
709.637000
709.997000
710.106000
710.262000
710.569000
710.611000
710.908000
711.083000
711.318000
711.497000
711.771000
711.930000
712.130000
712.348000
712.459000
712.687000
712.825000
713.160000
713.298000
713.474000
713.754000
713.916000
714.213000
714.262000
714.529000
714.687000
714.905000
715.116000
715.375000
715.474000
715.647000
715.940000
716.071000
716.309000
716.540000
716.797000
716.880000
717.097000
717.263000
717.555000
717.699000
717.906000
718.131000
718.271000
718.476000
718.778000
718.902000
719.107000
719.321000
719.442000
719.753000
719.965000
720.134000
720.249000
720.537000
720.763000
720.941000
721.204000
721.344000
721.514000
721.625000
721.923000
722.219000
722.326000
722.492000
722.806000
722.980000
723.084000
723.286000
723.485000
723.694000
723.884000
724.127000
724.322000
724.528000
724.670000
724.892000
725.087000
725.283000
725.506000
725.764000
725.939000
726.114000
726.331000
726.525000
726.740000
726.948000
727.060000
727.338000
727.544000
727.700000
727.991000
728.054000
728.375000
728.536000
728.719000
728.979000
729.101000
729.308000
729.506000
729.677000
729.921000
730.178000
730.271000
730.559000
730.747000
730.898000
731.086000
731.297000
731.396000
731.695000
731.947000
732.156000
732.217000
732.571000
732.693000
732.969000
733.164000
733.371000
733.522000
733.700000
733.839000
734.157000
734.248000
734.465000
734.755000
734.977000
735.107000
735.303000
735.568000
735.799000
735.937000
736.118000
736.380000
736.544000
736.763000
736.939000
737.178000
737.317000
737.400000
737.797000
737.928000
738.095000
738.381000
738.558000
738.695000
738.927000
739.211000
739.278000
739.412000
739.704000
739.966000
740.201000
740.308000
740.518000
740.747000
740.989000
741.140000
741.395000
741.533000
741.690000
741.856000
742.111000
742.314000
742.418000
742.648000
742.905000
743.092000
743.317000
743.495000
743.671000
743.889000
744.058000
744.253000
744.571000
744.711000
744.792000
745.100000
745.413000
745.491000
745.678000
745.875000
746.130000
746.293000
746.482000
746.793000
746.849000
747.076000
747.359000
747.558000
747.767000
747.874000
748.045000
748.324000
748.509000
748.671000
748.924000
749.158000
749.313000
749.508000
749.689000
749.880000
750.096000
750.348000
750.509000
750.649000
750.836000
751.136000
751.325000
751.502000
751.636000
751.840000
752.108000
752.312000
752.464000
752.712000
752.952000
753.153000
753.295000
753.512000
753.717000
753.968000
754.076000
754.322000
754.436000
754.657000
754.868000
755.141000
755.348000
755.452000
755.727000
755.909000
756.117000
756.322000
756.525000
756.709000
756.891000
757.135000
757.372000
757.465000
757.744000
758.001000
758.069000
758.280000
758.506000
758.686000
758.873000
759.104000
759.434000
759.468000
759.708000
759.880000
760.142000
760.398000
760.488000
760.699000
760.889000
761.015000
761.358000
761.459000
761.690000
761.955000
762.077000
762.283000
762.529000
762.672000
762.919000
763.112000
763.343000
763.355000
763.681000
763.839000
764.101000
764.275000
764.524000
764.743000
764.946000
765.115000
765.312000
765.536000
765.679000
765.914000
766.095000
766.321000
766.545000
766.744000
766.902000
767.207000
767.331000
767.423000
767.621000
767.959000
768.117000
768.319000
768.490000
768.816000
768.946000
769.173000
769.270000
769.537000
769.765000
770.016000
770.153000
770.397000
770.553000
770.703000
770.922000
771.131000
771.266000
771.590000
771.712000
771.904000
772.167000
772.362000
772.531000
772.684000
772.972000
773.100000
773.309000
773.506000
773.675000
773.791000
774.013000
774.316000
774.502000
774.768000
774.963000
775.055000
775.318000
775.512000
775.566000
775.932000
776.040000
776.389000
776.568000
776.724000
776.959000
777.069000
777.274000
777.497000
777.746000
777.923000
778.072000
778.362000
778.546000
778.728000
778.898000
779.059000
779.314000
779.592000
779.696000
779.977000
780.157000
780.335000
780.507000
780.807000
780.931000
781.171000
781.310000
781.525000
781.702000
781.900000
782.184000
782.383000
782.523000
782.756000
782.840000
783.076000
783.301000
783.470000
783.754000
783.929000
784.113000
784.369000
784.578000
784.746000
784.957000
785.106000
785.336000
785.519000
785.743000
785.925000
786.147000
786.404000
786.505000
786.820000
786.940000
787.113000
787.335000
787.558000
787.710000
787.840000
788.168000
788.323000
788.477000
788.686000
788.890000
789.161000
789.412000
789.527000
789.741000
789.896000
790.127000
790.358000
790.508000
790.711000
790.918000
791.112000
791.352000
791.613000
791.717000
791.960000
792.147000
792.336000
792.532000
792.711000
792.854000
793.058000
793.318000
793.499000
793.702000
793.805000
794.108000
794.327000
794.543000
794.670000
794.886000
795.072000
795.353000
795.459000
795.648000
795.934000
796.047000
796.299000
796.556000
796.683000
796.767000
797.120000
797.342000
797.383000
797.690000
797.886000
798.091000
798.325000
798.479000
798.753000
798.907000
799.032000
799.391000
799.535000
799.701000
800.023000
800.149000
800.259000
800.454000
800.650000
800.944000
801.113000
801.291000
801.492000
801.735000
801.883000
802.149000
802.279000
802.434000
802.711000
802.893000
803.124000
803.221000
803.555000
803.692000
803.806000
804.098000
804.270000
804.474000
804.689000
804.875000
805.186000
805.253000
805.558000
805.694000
805.876000
806.023000
806.305000
806.541000
806.685000
806.893000
807.105000
807.386000
807.576000
807.693000
807.922000
808.030000
808.288000
808.537000
808.744000
808.852000
809.052000
809.353000
809.467000
809.754000
809.890000
810.142000
810.352000
810.609000
810.710000
810.829000
811.167000
811.359000
811.517000
811.699000
811.858000
812.129000
812.323000
812.577000
812.665000
812.832000
813.107000
813.334000
813.511000
813.728000
813.873000
814.131000
814.371000
814.516000
814.662000
814.889000
815.124000
815.330000
815.501000
815.648000
815.844000
816.069000
816.387000
816.504000
816.680000
816.902000
817.079000
817.271000
817.567000
817.738000
817.900000
818.141000
818.363000
818.616000
818.742000
818.809000
819.039000
819.356000
819.468000
819.758000
819.875000
820.063000
820.387000
820.579000
820.715000
820.941000
821.043000
821.285000
821.503000
821.660000
821.913000
822.009000
822.327000
822.544000
822.780000
822.978000
823.040000
823.289000
823.527000
823.691000
823.939000
824.152000
824.310000
824.469000
824.747000
824.971000
825.055000
825.246000
825.440000
825.685000
825.909000
826.153000
826.327000
826.459000
826.775000
826.936000
827.113000
827.334000
827.538000
827.710000
827.947000
828.113000
828.330000
828.509000
828.751000
828.936000
829.085000
829.222000
829.474000
829.680000
829.928000
830.098000
830.343000
830.543000
830.762000
830.938000
831.131000
831.411000
831.557000
831.641000
831.913000
832.112000
832.298000
832.598000
832.759000
832.833000
833.100000
833.337000
833.521000
833.684000
833.960000
834.127000
834.381000
834.610000
834.777000
834.987000
835.147000
835.334000
835.480000
835.711000
836.011000
836.207000
836.355000
836.593000
836.712000
837.001000
837.108000
837.282000
837.528000
837.742000
837.898000
838.141000
838.333000
838.487000
838.702000
838.896000
839.146000
839.221000
839.573000
839.743000
839.843000
840.073000
840.305000
840.458000
840.646000
840.999000
841.149000
841.314000
841.458000
841.728000
841.931000
842.070000
842.301000
842.551000
842.729000
842.900000
843.112000
843.367000
843.547000
843.757000
843.940000
844.090000
844.386000
844.513000
844.683000
844.922000
845.095000
845.304000
845.454000
845.733000
845.895000
846.128000
846.313000
846.521000
846.720000
846.954000
847.183000
847.387000
847.443000
847.747000
847.969000
848.183000
848.299000
848.546000
848.620000
848.930000
849.138000
849.336000
849.584000
849.758000
849.940000
850.206000
850.265000
850.609000
850.798000
850.909000
851.119000
851.324000
851.550000
851.700000
851.923000
852.182000
852.338000
852.474000
852.689000
852.920000
853.151000
853.397000
853.565000
853.657000
853.922000
854.071000
854.329000
854.537000
854.673000
854.954000
855.065000
855.301000
855.483000
855.705000
855.844000
856.154000
856.313000
856.515000
856.756000
856.901000
857.164000
857.382000
857.515000
857.714000
857.980000
858.108000
858.327000
858.507000
858.632000
858.904000
859.126000
859.345000
859.532000
859.647000
859.834000
860.132000
860.339000
860.517000
860.716000
860.881000
861.150000
861.315000
861.499000
861.699000
861.939000
862.170000
862.379000
862.483000
862.678000
862.838000
863.131000
863.416000
863.573000
863.728000
863.861000
864.034000
864.390000
864.490000
864.685000
864.926000
865.074000
865.321000
865.551000
865.719000
865.804000
866.084000
866.343000
866.521000
866.767000
866.971000
867.176000
867.347000
867.566000
867.607000
868.017000
868.111000
868.348000
868.546000
868.647000
868.959000
869.108000
869.333000
869.464000
869.637000
869.949000
870.175000
870.335000
870.457000
870.754000
870.823000
871.097000
871.344000
871.517000
871.756000
872.005000
872.066000
872.284000
872.443000
872.780000
872.943000
873.118000
873.325000
873.485000
873.706000
873.833000
874.154000
874.346000
874.495000
874.725000
874.888000
875.106000
875.311000
875.556000
875.683000
875.927000
876.094000
876.363000
876.443000
876.718000
876.906000
877.064000
877.251000
877.551000
877.792000
877.903000
878.118000
878.326000
878.570000
878.778000
878.884000
879.125000
879.317000
879.474000
879.762000
879.926000
880.070000
880.239000
880.526000
880.631000
880.937000
881.103000
881.250000
881.539000
881.752000
881.897000
882.127000
882.290000
882.514000
882.684000
882.882000
883.186000
883.333000
883.487000
883.656000
883.860000
884.187000
884.397000
884.531000
884.675000
884.950000
885.182000
885.379000
885.453000
885.761000
885.929000
886.134000
886.295000
886.535000
886.729000
886.913000
887.100000
887.245000
887.501000
887.776000
887.943000
888.120000
888.295000
888.543000
888.712000
888.904000
889.069000
889.318000
889.392000
889.708000
889.919000
890.138000
890.374000
890.479000
890.629000
890.906000
891.080000
891.397000
891.506000
891.700000
891.956000
892.136000
892.345000
892.524000
892.584000
892.853000
893.108000
893.371000
893.536000
893.698000
893.853000
894.200000
894.348000
894.569000
894.737000
894.843000
895.082000
895.286000
895.508000
895.740000
895.852000
896.076000
896.260000
896.565000
896.727000
896.906000
897.095000
897.260000
897.531000
897.827000
897.989000
898.077000
898.332000
898.609000
898.727000
898.802000
899.080000
899.294000
899.519000
899.761000
899.915000
900.168000
900.328000
900.522000
900.728000
900.920000
901.133000
901.305000
901.533000
901.770000
901.875000
902.053000
902.380000
902.575000
902.689000
902.861000
903.122000
903.361000
903.512000
903.774000
903.958000
904.128000
904.270000
904.515000
904.649000
904.925000
905.078000
905.302000
905.392000
905.720000
905.900000
906.151000
906.250000
906.485000
906.781000
906.962000
907.155000
907.404000
907.525000
907.727000
907.950000
908.138000
908.342000
908.568000
908.766000
908.829000
909.102000
909.380000
909.534000
909.747000
909.943000
910.157000
910.383000
910.529000
910.824000
910.866000
911.077000
911.340000
911.523000
911.732000
911.888000
912.059000
912.290000
912.535000
912.764000
912.998000
913.082000
913.230000
913.580000
913.732000
913.866000
914.081000
914.316000
914.566000
914.747000
914.857000
915.079000
915.374000
915.542000
915.730000
915.946000
916.155000
916.286000
916.549000
916.740000
916.922000
917.118000
917.266000
917.464000
917.724000
917.891000
918.192000
918.333000
918.374000
918.634000
918.981000
919.063000
919.248000
919.559000
919.742000
919.933000
920.121000
920.307000
920.576000
920.719000
920.949000
921.070000
921.272000
921.533000
921.786000
921.970000
922.036000
922.339000
922.425000
922.624000
922.827000
923.028000
923.286000
923.503000
923.738000
923.970000
924.100000
924.284000
924.472000
924.653000
924.979000
925.110000
925.318000
925.508000
925.707000
925.926000
926.069000
926.320000
926.463000
926.734000
926.921000
927.073000
927.323000
927.400000
927.751000
927.946000
927.972000
928.273000
928.442000
928.701000
928.888000
929.080000
929.337000
929.533000
929.809000
929.917000
930.071000
930.303000
930.497000
930.758000
930.929000
931.166000
931.368000
931.528000
931.689000
932.015000
932.160000
932.288000
932.500000
932.720000
932.937000
933.195000
933.352000
933.450000
933.685000
933.897000
934.149000
934.399000
934.509000
934.664000
934.915000
935.091000
935.421000
935.490000
935.684000
935.904000
936.125000
936.337000
936.492000
936.713000
936.823000
936.984000
937.256000
937.550000
937.698000
937.910000
938.076000
938.300000
938.447000
938.726000
938.937000
939.130000
939.327000
939.453000
939.695000
939.888000
940.055000
940.385000
940.585000
940.803000
940.854000
941.131000
941.328000
941.485000
941.767000
941.956000
942.075000
942.304000
942.553000
942.735000
942.924000
943.029000
943.272000
943.567000
943.690000
943.882000
944.111000
944.294000
944.538000
944.786000
944.950000
945.108000
945.293000
945.558000
945.694000
945.864000
946.073000
946.331000
946.547000
946.714000
946.820000
947.094000
947.448000
947.512000
947.718000
947.959000
948.156000
948.354000
948.447000
948.641000
948.914000
949.232000
949.375000
949.469000
949.674000
949.923000
950.123000
950.332000
950.572000
950.647000
950.835000
951.113000
951.353000
951.550000
951.715000
951.934000
952.164000
952.192000
952.505000
952.784000
952.902000
953.140000
953.269000
953.549000
953.707000
953.864000
953.981000
954.353000
954.449000
954.729000
954.864000
955.072000
955.284000
955.471000
955.747000
955.958000
956.113000
956.324000
956.447000
956.675000
956.877000
957.176000
957.306000
957.487000
957.699000
957.868000
958.108000
958.270000
958.556000
958.696000
958.898000
959.103000
959.212000
959.530000
959.681000
959.954000
960.092000
960.258000
960.567000
960.619000
960.910000
961.143000
961.332000
961.513000
961.690000
961.961000
962.058000
962.280000
962.493000
962.691000
962.898000
963.127000
963.335000
963.513000
963.659000
963.916000
964.084000
964.294000
964.528000
964.693000
964.876000
965.129000
965.292000
965.477000
965.776000
965.877000
966.112000
966.297000
966.456000
966.763000
966.874000
967.154000
967.318000
967.501000
967.675000
967.921000
968.079000
968.386000
968.529000
968.609000
968.849000
969.135000
969.298000
969.502000
969.695000
969.841000
970.118000
970.390000
970.533000
970.586000
970.800000
971.092000
971.327000
971.524000
971.716000
971.937000
972.124000
972.275000
972.504000
972.688000
972.963000
973.127000
973.335000
973.455000
973.754000
973.959000
974.089000
974.244000
974.491000
974.622000
974.882000
975.161000
975.346000
975.538000
975.675000
975.851000
976.049000
976.277000
976.547000
976.668000
976.903000
977.140000
977.286000
977.562000
977.758000
977.944000
978.153000
978.370000
978.520000
978.677000
978.881000
979.135000
979.318000
979.425000
979.670000
980.027000
980.153000
980.285000
980.473000
980.657000
980.880000
981.138000
981.312000
981.563000
981.732000
981.885000
982.148000
982.325000
982.540000
982.754000
982.952000
983.048000
983.305000
983.493000
983.736000
983.946000
984.085000
984.215000
984.569000
984.790000
984.914000
985.101000
985.355000
985.528000
985.686000
985.992000
986.216000
986.294000
986.576000
986.666000
986.887000
987.112000
987.303000
987.519000
987.763000
987.945000
988.155000
988.278000
988.444000
988.785000
988.891000
989.048000
989.268000
989.462000
989.660000
989.859000
990.104000
990.255000
990.495000
990.776000
990.979000
991.084000
991.309000
991.466000
991.749000
991.949000
992.183000
992.346000
992.476000
992.621000
992.964000
993.193000
993.297000
993.462000
993.707000
993.924000
994.127000
994.276000
994.533000
994.806000
994.937000
995.175000
995.337000
995.473000
995.710000
995.980000
996.182000
996.425000
996.506000
996.742000
996.969000
997.139000
997.287000
997.505000
997.714000
997.976000
998.093000
998.325000
998.573000
998.757000
998.939000
999.149000
999.311000
999.497000
999.788000
999.795000
1000.200000
1000.310000
1000.520000
1000.770000
1000.890000
1001.090000
1001.310000
1001.520000
1001.650000
1001.880000
1002.110000
1002.330000
1002.440000
1002.710000
1002.970000
1003.200000
1003.370000
1003.490000
1003.680000
1003.920000
1004.140000
1004.340000
1004.560000
1004.760000
1004.870000
1005.080000
1005.290000
1005.520000
1005.710000
1006.060000
1006.120000
1006.320000
1006.490000
1006.800000
1006.980000
1007.110000
1007.300000
1007.460000
1007.690000
1007.920000
1008.160000
1008.290000
1008.510000
1008.600000
1008.940000
1009.180000
1009.290000
1009.560000
1009.690000
1009.930000
1010.180000
1010.410000
1010.520000
1010.710000
1010.900000
1011.070000
1011.420000
1011.560000
1011.650000
1012.000000
1012.080000
1012.260000
1012.550000
1012.690000
1012.880000
1013.090000
1013.230000
1013.520000
1013.740000
1013.760000
1014.170000
1014.350000
1014.490000
1014.740000
1014.970000
1015.160000
1015.310000
1015.520000
1015.700000
1016.010000
1016.110000
1016.270000
1016.560000
1016.700000
1016.890000
1017.120000
1017.350000
1017.450000
1017.710000
1017.920000
1018.150000
1018.240000
1018.500000
1018.740000
1018.910000
1019.090000
1019.260000
1019.550000
1019.710000
1019.850000
1020.110000
1020.300000
1020.460000
1020.630000
1020.990000
1021.190000
1021.270000
1021.470000
1021.660000
1021.910000
1022.090000
1022.380000
1022.500000
1022.770000
1022.950000
1023.080000
1023.330000
1023.480000
1023.770000
1023.920000
1024.150000
1024.420000
1024.470000
1024.590000
1024.910000
1025.120000
1025.400000
1025.550000
1025.680000
1025.960000
1026.190000
1026.230000
1026.540000
1026.680000
1026.870000
1027.160000
1027.270000
1027.550000
1027.710000
1027.880000
1028.130000
1028.330000
1028.540000
1028.690000
1029.020000
1029.090000
1029.310000
1029.490000
1029.720000
1029.940000
1030.130000
1030.410000
1030.400000
1030.750000
1030.910000
1031.170000
1031.360000
1031.450000
1031.640000
1031.920000
1032.140000
1032.280000
1032.550000
1032.780000
1032.900000
1033.160000
1033.250000
1033.490000
1033.700000
1034.050000
1034.080000
1034.190000
1034.440000
1034.760000
1034.920000
1035.060000
1035.150000
1035.520000
1035.780000
1035.920000
1035.940000
1036.220000
1036.520000
1036.780000
1036.920000
1037.010000
1037.290000
1037.450000
1037.660000
1037.970000
1038.160000
1038.220000
1038.420000
1038.820000
1038.990000
1039.170000
1039.290000
1039.560000
1039.760000
1039.940000
1040.040000
1040.310000
1040.530000
1040.770000
1040.930000
1041.090000
1041.290000
1041.550000
1041.680000
1041.950000
1042.080000
1042.310000
1042.620000
1042.730000
1042.850000
1043.040000
1043.290000
1043.570000
1043.760000
1043.900000
1044.150000
1044.310000
1044.540000
1044.740000
1044.830000
1045.140000
1045.370000
1045.510000
1045.810000
1045.880000
1046.060000
1046.350000
1046.540000
1046.670000
1046.850000
1047.160000
1047.400000
1047.560000
1047.700000
1047.950000
