583.084000
583.246000
583.435000
583.643000
583.861000
584.023000
584.213000
584.429000
584.548000
584.808000
585.022000
585.277000
585.507000
585.635000
585.771000
586.002000
586.264000
586.428000
586.621000
586.824000
587.029000
587.219000
587.495000
587.581000
587.875000
588.102000
588.315000
588.440000
588.580000
588.810000
589.058000
589.213000
589.421000
589.587000
589.786000
590.008000
590.245000
590.452000
590.597000
590.854000
591.083000
591.203000
591.443000
591.621000
591.824000
591.987000
592.231000
592.490000
592.707000
592.748000
593.037000
593.252000
593.400000
593.651000
593.843000
593.993000
594.243000
594.470000
594.678000
594.896000
595.033000
595.260000
595.413000
595.632000
595.838000
596.057000
596.233000
596.453000
596.645000
596.825000
597.058000
597.222000
597.460000
597.637000
597.875000
598.057000
598.321000
598.379000
598.658000
598.799000
599.134000
599.194000
599.413000
599.677000
599.836000
600.063000
600.253000
600.472000
600.587000
600.816000
601.055000
601.248000
601.436000
601.547000
601.790000
601.951000
602.287000
602.467000
602.605000
602.841000
603.020000
603.226000
603.459000
603.699000
603.825000
604.061000
604.282000
604.452000
604.681000
604.826000
605.019000
605.215000
605.398000
605.672000
605.832000
606.045000
606.230000
606.454000
606.661000
606.768000
607.005000
607.178000
607.419000
607.632000
607.825000
608.067000
608.253000
608.439000
608.598000
608.824000
609.022000
609.304000
609.479000
609.642000
609.876000
610.122000
610.292000
610.402000
610.558000
610.770000
611.035000
611.279000
611.453000
611.579000
611.829000
612.094000
612.351000
612.401000
612.637000
612.917000
612.991000
613.183000
613.425000
613.654000
613.855000
614.023000
614.289000
614.454000
614.637000
614.838000
614.976000
615.165000
615.441000
615.612000
615.879000
616.057000
616.258000
616.503000
616.610000
616.853000
617.057000
617.250000
617.465000
617.662000
617.820000
618.002000
618.183000
618.464000
618.632000
618.824000
619.017000
619.209000
619.463000
619.672000
619.770000
620.042000
620.200000
620.465000
620.614000
620.940000
621.079000
621.176000
621.377000
621.615000
621.846000
621.993000
622.222000
622.414000
622.629000
622.847000
623.075000
623.275000
623.439000
623.648000
623.881000
624.008000
624.217000
624.440000
624.662000
624.900000
625.032000
625.205000
625.434000
625.645000
625.862000
626.044000
626.197000
626.410000
626.672000
626.751000
627.028000
627.209000
627.411000
627.649000
627.846000
627.981000
628.213000
628.350000
628.624000
628.797000
628.906000
629.163000
629.420000
629.618000
629.800000
630.118000
630.157000
630.401000
630.621000
630.776000
631.043000
631.215000
631.397000
631.642000
631.830000
631.953000
632.215000
632.426000
632.648000
632.826000
633.001000
633.155000
633.502000
633.595000
633.770000
633.939000
634.182000
634.435000
634.673000
634.864000
634.978000
635.191000
635.367000
635.658000
635.856000
636.086000
636.266000
636.412000
636.610000
636.875000
637.041000
637.272000
637.439000
637.699000
637.861000
638.025000
638.264000
638.439000
638.604000
638.823000
639.025000
639.217000
639.450000
639.606000
639.820000
640.032000
640.264000
640.377000
640.650000
640.844000
641.027000
641.296000
641.517000
641.673000
641.836000
642.021000
642.283000
642.402000
642.647000
642.804000
643.053000
643.233000
643.501000
643.577000
643.845000
644.083000
644.320000
644.429000
644.618000
644.882000
645.086000
645.236000
645.461000
645.734000
645.867000
646.121000
646.381000
646.440000
646.674000
646.837000
647.017000
647.145000
647.443000
647.664000
647.813000
648.073000
648.247000
648.472000
648.594000
648.845000
648.983000
649.269000
649.398000
649.791000
649.859000
650.017000
650.149000
650.424000
650.651000
650.890000
650.991000
651.326000
651.457000
651.616000
651.782000
651.954000
652.220000
652.448000
652.651000
652.826000
652.968000
653.246000
653.452000
653.644000
653.805000
654.001000
654.179000
654.411000
654.622000
654.877000
655.063000
655.274000
655.460000
655.609000
655.890000
656.071000
656.223000
656.469000
656.670000
656.947000
657.055000
657.221000
657.369000
657.613000
657.838000
658.057000
658.220000
658.359000
658.635000
658.809000
659.064000
659.256000
659.511000
659.578000
659.852000
660.021000
660.186000
660.509000
660.647000
660.751000
661.044000
661.201000
661.424000
661.658000
661.821000
662.001000
662.201000
662.445000
662.622000
662.803000
663.051000
663.321000
663.428000
663.615000
663.876000
664.049000
664.195000
664.406000
664.646000
664.892000
665.071000
665.191000
665.466000
665.592000
665.771000
665.965000
666.253000
666.372000
666.609000
666.756000
667.037000
667.201000
667.412000
667.640000
667.833000
667.986000
668.212000
668.444000
668.662000
668.832000
668.992000
669.260000
669.405000
669.634000
669.881000
670.032000
670.283000
670.431000
670.596000
670.882000
671.054000
671.237000
671.445000
671.596000
671.871000
672.021000
672.239000
672.414000
672.587000
672.796000
673.017000
673.233000
673.436000
673.595000
673.809000
674.018000
674.288000
674.372000
674.597000
674.813000
675.001000
675.197000
675.431000
675.641000
675.867000
675.972000
676.260000
676.539000
676.653000
676.848000
677.071000
677.131000
677.429000
677.609000
677.822000
678.030000
678.245000
678.386000
678.550000
678.809000
678.996000
679.191000
679.366000
679.525000
679.771000
680.074000
680.208000
680.348000
680.606000
680.855000
681.030000
681.181000
681.440000
681.643000
681.736000
682.007000
682.198000
682.452000
682.645000
682.772000
683.109000
683.285000
683.429000
683.699000
683.851000
684.059000
684.246000
684.474000
684.696000
684.920000
684.989000
685.205000
685.391000
685.704000
685.894000
686.031000
686.239000
686.443000
686.645000
686.839000
687.031000
687.184000
687.455000
687.710000
687.848000
688.013000
688.250000
688.430000
688.597000
688.819000
689.005000
689.216000
689.457000
689.607000
689.859000
689.949000
690.251000
690.476000
690.632000
690.819000
690.981000
691.189000
691.414000
691.629000
691.747000
692.005000
692.257000
692.420000
692.571000
692.847000
693.026000
693.265000
693.410000
693.608000
693.854000
693.940000
694.189000
694.386000
694.694000
694.768000
695.018000
695.284000
695.378000
695.641000
695.799000
695.960000
696.198000
696.470000
696.581000
696.762000
696.992000
697.189000
697.427000
697.630000
697.828000
698.022000
698.207000
698.524000
698.706000
698.786000
698.985000
699.247000
699.468000
699.635000
699.902000
700.053000
700.258000
700.475000
700.590000
700.866000
701.077000
701.277000
701.486000
701.633000
701.804000
702.005000
702.210000
702.369000
702.711000
702.818000
702.980000
703.112000
703.479000
703.599000
703.811000
704.062000
704.239000
704.433000
704.641000
704.827000
704.940000
705.122000
705.445000
705.589000
705.802000
705.978000
706.222000
706.421000
706.659000
706.905000
706.986000
707.176000
707.434000
707.592000
707.878000
708.077000
708.207000
708.426000
708.631000
708.877000
709.086000
709.223000
709.428000
709.646000
709.824000
710.050000
710.228000
710.329000
710.666000
710.813000
711.040000
711.298000
711.456000
711.679000
711.840000
711.912000
712.197000
712.425000
712.772000
712.750000
713.100000
713.177000
713.425000
713.714000
713.801000
714.008000
714.177000
714.446000
714.664000
714.899000
715.005000
715.190000
715.457000
715.646000
715.876000
715.972000
716.137000
716.465000
716.637000
716.869000
717.006000
717.146000
717.420000
717.643000
717.882000
718.017000
718.169000
718.416000
718.665000
718.827000
718.996000
719.244000
719.450000
719.627000
719.873000
720.038000
720.196000
720.473000
720.556000
720.779000
721.142000
721.262000
721.393000
721.661000
721.781000
722.009000
722.232000
722.486000
722.632000
722.782000
723.005000
723.294000
723.461000
723.559000
723.854000
724.037000
724.292000
724.505000
724.662000
724.756000
725.013000
725.228000
725.509000
725.679000
725.810000
725.993000
726.205000
726.427000
726.680000
726.778000
727.010000
727.314000
727.455000
727.584000
727.817000
728.029000
728.186000
728.472000
728.597000
728.804000
729.091000
729.279000
729.439000
729.599000
729.832000
730.048000
730.244000
730.449000
730.620000
730.793000
730.980000
731.227000
731.421000
731.692000
731.862000
732.027000
732.217000
732.426000
732.609000
732.844000
733.160000
733.251000
733.439000
733.623000
733.896000
734.114000
734.319000
734.454000
734.635000
734.881000
735.030000
735.262000
735.414000
735.560000
735.805000
736.040000
736.231000
736.378000
736.590000
736.797000
737.085000
737.282000
737.422000
737.616000
737.831000
737.971000
738.216000
738.446000
738.725000
738.804000
739.053000
739.282000
739.495000
739.648000
739.912000
740.042000
740.219000
740.378000
740.647000
740.848000
741.018000
741.226000
741.418000
741.649000
741.858000
742.041000
742.228000
742.440000
742.669000
742.829000
742.995000
743.249000
743.448000
743.596000
743.801000
744.025000
744.197000
744.456000
744.640000
744.809000
745.085000
745.283000
745.437000
745.587000
745.850000
746.112000
746.263000
746.430000
746.654000
746.832000
747.018000
747.231000
747.469000
747.560000
747.836000
748.053000
748.223000
748.421000
748.595000
748.877000
749.147000
749.300000
749.489000
749.562000
749.833000
750.013000
750.265000
750.430000
750.621000
750.854000
750.992000
751.256000
751.453000
751.665000
751.826000
752.032000
752.314000
752.353000
752.555000
752.890000
753.096000
753.216000
753.407000
753.561000
753.844000
754.078000
754.271000
754.424000
754.646000
754.846000
755.066000
755.285000
755.435000
755.668000
755.854000
756.034000
756.278000
756.460000
756.656000
756.847000
757.048000
757.245000
757.480000
757.625000
757.813000
758.026000
758.249000
758.449000
758.654000
758.872000
759.028000
759.267000
759.424000
759.649000
759.766000
759.993000
760.205000
760.439000
760.743000
760.803000
760.942000
761.192000
761.376000
761.682000
761.787000
762.030000
762.201000
762.413000
762.594000
762.861000
763.022000
763.243000
763.429000
763.689000
763.850000
764.088000
764.209000
764.467000
764.617000
764.813000
765.014000
765.251000
765.425000
765.574000
765.783000
766.054000
766.246000
766.409000
766.620000
766.783000
767.027000
767.254000
767.455000
767.601000
767.784000
768.080000
768.229000
768.444000
768.619000
768.787000
769.049000
769.192000
769.475000
769.675000
769.826000
769.990000
770.264000
770.401000
770.649000
770.855000
770.954000
771.176000
771.413000
771.641000
771.947000
772.096000
772.164000
772.396000
772.611000
772.868000
773.072000
773.246000
773.463000
773.682000
773.969000
774.044000
774.232000
774.409000
774.653000
774.823000
775.105000
775.205000
775.426000
775.599000
775.874000
776.107000
776.287000
776.370000
776.590000
776.829000
777.014000
777.215000
777.348000
777.595000
777.885000
777.995000
778.174000
778.406000
778.645000
778.739000
778.975000
779.211000
779.438000
779.603000
779.841000
780.052000
780.251000
780.491000
780.683000
780.874000
780.984000
781.221000
781.461000
781.695000
781.833000
781.969000
782.183000
782.476000
782.565000
782.823000
783.058000
783.155000
783.387000
783.627000
783.797000
784.037000
784.230000
784.450000
784.611000
784.852000
784.962000
785.338000
785.468000
785.629000
785.792000
786.063000
786.243000
786.441000
786.586000
786.766000
786.958000
787.227000
787.477000
787.684000
787.847000
788.068000
788.239000
788.394000
788.601000
788.775000
789.113000
789.335000
789.412000
789.530000
789.778000
789.991000
790.266000
790.436000
790.593000
790.764000
791.050000
791.138000
791.443000
791.614000
791.830000
792.002000
792.223000
792.362000
792.590000
792.816000
793.047000
793.196000
793.388000
793.523000
793.828000
794.022000
794.210000
794.426000
794.658000
794.796000
795.013000
795.254000
795.418000
795.619000
795.787000
795.932000
796.246000
796.422000
796.600000
796.871000
797.031000
797.269000
797.397000
797.589000
797.835000
798.096000
798.240000
798.450000
798.618000
798.884000
799.078000
799.275000
799.409000
799.568000
799.854000
800.036000
800.266000
800.487000
800.606000
800.769000
801.022000
801.283000
801.410000
801.680000
801.792000
801.953000
802.248000
802.398000
802.619000
802.816000
803.001000
803.223000
803.437000
803.615000
803.902000
804.136000
804.247000
804.450000
804.625000
804.813000
804.979000
805.184000
805.377000
805.615000
805.824000
805.998000
806.186000
806.399000
806.660000
806.811000
806.991000
807.219000
807.431000
807.658000
807.784000
808.028000
808.213000
808.441000
808.623000
808.850000
808.987000
809.246000
809.443000
809.622000
809.775000
809.954000
810.140000
810.366000
810.618000
810.834000
810.995000
811.293000
811.436000
811.637000
811.813000
812.043000
812.208000
812.446000
812.647000
812.816000
813.054000
813.221000
813.445000
813.723000
813.865000
813.943000
814.194000
814.468000
814.610000
814.878000
815.023000
815.266000
815.453000
815.613000
815.870000
816.053000
816.263000
816.399000
816.632000
816.833000
816.987000
817.232000
817.499000
817.639000
817.778000
818.051000
818.234000
818.447000
818.604000
818.857000
819.044000
819.208000
819.543000
819.633000
819.806000
820.033000
820.223000
820.491000
820.761000
820.933000
821.049000
821.228000
821.391000
821.725000
821.796000
822.072000
822.314000
822.511000
822.596000
822.799000
823.124000
823.252000
823.466000
823.666000
823.875000
824.026000
824.226000
824.471000
824.670000
824.842000
825.004000
825.241000
825.426000
825.719000
825.792000
825.994000
826.240000
826.431000
826.646000
826.833000
827.047000
827.310000
827.436000
827.629000
827.857000
828.006000
828.268000
828.456000
828.563000
828.840000
829.006000
829.296000
829.450000
829.566000
829.803000
829.989000
830.198000
830.437000
830.648000
830.779000
830.977000
831.145000
831.475000
831.645000
831.770000
831.941000
832.261000
832.411000
832.695000
832.803000
833.087000
833.189000
833.415000
833.622000
833.809000
834.021000
834.215000
834.413000
834.675000
834.834000
835.002000
835.301000
835.401000
835.589000
835.853000
836.005000
836.229000
836.409000
836.593000
836.851000
836.964000
837.251000
837.405000
837.523000
837.866000
838.053000
838.237000
838.430000
838.564000
838.797000
838.990000
839.265000
839.444000
839.637000
839.826000
840.138000
840.292000
840.361000
840.577000
840.772000
841.108000
841.252000
841.390000
841.603000
841.819000
841.954000
842.233000
842.476000
842.606000
842.812000
842.983000
843.163000
843.377000
843.634000
843.813000
844.007000
844.228000
844.443000
844.668000
844.793000
845.028000
845.223000
845.447000
845.669000
845.860000
846.064000
846.219000
846.378000
846.613000
846.869000
847.060000
847.201000
847.461000
847.755000
847.832000
848.064000
848.280000
848.453000
848.578000
848.785000
849.111000
849.311000
849.505000
849.644000
849.845000
850.048000
850.237000
850.469000
850.673000
850.764000
851.037000
851.233000
851.467000
851.701000
851.791000
851.981000
852.250000
852.484000
852.593000
852.854000
853.041000
853.292000
853.504000
853.649000
853.807000
854.054000
854.211000
854.435000
854.613000
854.866000
855.057000
855.222000
855.471000
855.651000
855.799000
856.013000
856.216000
856.545000
856.642000
856.850000
856.986000
857.242000
857.459000
857.629000
857.864000
858.011000
858.204000
858.420000
858.649000
858.799000
859.043000
859.257000
859.362000
859.654000
859.875000
860.078000
860.208000
860.482000
860.617000
860.771000
861.098000
861.260000
861.414000
861.585000
861.788000
862.070000
862.215000
862.462000
862.606000
862.846000
862.996000
863.131000
863.367000
863.644000
863.901000
864.027000
864.164000
864.369000
864.658000
864.879000
865.024000
865.321000
865.476000
865.640000
865.845000
866.073000
866.187000
866.449000
866.703000
866.798000
867.064000
867.242000
867.466000
867.616000
867.826000
868.058000
868.249000
868.439000
868.717000
868.816000
869.012000
869.333000
869.367000
869.614000
869.860000
870.097000
870.328000
870.404000
870.634000
870.839000
871.071000
871.239000
871.407000
871.659000
871.871000
872.089000
872.269000
872.433000
872.600000
872.838000
873.018000
873.244000
873.427000
873.608000
873.876000
874.015000
874.248000
874.417000
874.633000
874.848000
874.995000
875.210000
875.428000
875.556000
875.848000
876.047000
876.259000
876.453000
876.568000
876.909000
877.014000
877.270000
877.459000
877.624000
877.869000
878.054000
878.273000
878.473000
878.643000
878.856000
879.033000
879.281000
879.430000
879.671000
879.827000
880.070000
880.207000
880.431000
880.598000
880.843000
881.062000
881.191000
881.405000
881.671000
881.808000
881.984000
882.223000
882.439000
882.795000
882.815000
883.016000
883.250000
883.449000
883.622000
883.875000
884.047000
884.253000
884.424000
884.670000
884.833000
885.086000
885.241000
885.427000
885.696000
885.814000
886.008000
886.236000
886.454000
886.633000
886.837000
887.012000
887.272000
887.508000
887.584000
887.787000
888.115000
888.286000
888.476000
888.585000
888.809000
889.015000
889.156000
889.421000
889.713000
889.880000
890.003000
890.252000
890.396000
890.637000
890.805000
890.982000
891.236000
891.385000
891.622000
891.816000
891.951000
892.165000
892.446000
892.574000
892.755000
892.997000
893.206000
893.447000
893.664000
893.747000
894.023000
894.177000
894.368000
894.607000
894.774000
895.058000
895.229000
895.396000
895.607000
895.765000
896.043000
896.204000
896.495000
896.616000
896.804000
897.088000
897.296000
897.409000
897.615000
897.791000
897.984000
898.305000
898.445000
898.590000
898.800000
899.022000
899.304000
899.488000
899.709000
899.843000
900.033000
900.244000
900.375000
900.682000
900.803000
900.996000
901.250000
901.446000
901.652000
901.787000
902.053000
902.266000
902.475000
902.709000
902.831000
903.057000
903.240000
903.423000
903.649000
903.891000
904.075000
904.237000
904.423000
904.615000
904.803000
905.106000
905.266000
905.425000
905.567000
905.831000
906.020000
906.235000
906.389000
906.677000
906.862000
907.028000
907.302000
907.467000
907.647000
907.840000
908.027000
908.263000
908.393000
908.671000
908.879000
908.979000
909.193000
909.434000
909.680000
909.810000
909.944000
910.232000
910.452000
910.646000
910.867000
910.981000
911.141000
911.442000
911.677000
911.841000
912.032000
912.204000
912.399000
912.684000
912.863000
912.958000
913.164000
913.398000
913.691000
913.851000
914.058000
914.172000
914.419000
914.662000
914.864000
914.954000
915.270000
915.427000
915.517000
915.785000
916.079000
916.255000
916.403000
916.605000
916.781000
917.023000
917.227000
917.488000
917.613000
917.800000
918.062000
918.274000
918.375000
918.564000
918.730000
919.046000
919.273000
919.420000
919.595000
919.765000
920.004000
920.249000
920.528000
920.641000
920.805000
921.046000
921.221000
921.392000
921.693000
921.877000
922.040000
922.183000
922.406000
922.655000
922.842000
922.967000
923.194000
923.395000
923.611000
923.809000
924.018000
924.196000
924.417000
924.612000
924.809000
925.035000
925.184000
925.386000
925.721000
925.800000
925.887000
926.245000
926.438000
926.586000
926.747000
926.963000
927.236000
927.468000
927.594000
927.770000
927.993000
928.195000
928.401000
928.578000
928.805000
929.004000
929.228000
929.411000
929.607000
929.771000
929.970000
930.220000
930.373000
930.645000
930.820000
931.058000
931.153000
931.386000
931.580000
931.833000
932.091000
932.172000
932.368000
932.571000
932.792000
933.061000
933.209000
933.399000
933.681000
933.791000
933.924000
934.159000
934.418000
934.686000
934.835000
935.018000
935.156000
935.429000
935.672000
935.882000
936.003000
936.218000
936.416000
936.592000
936.817000
936.994000
937.206000
937.365000
937.628000
937.813000
937.959000
938.231000
938.441000
938.613000
938.750000
938.927000
939.114000
939.419000
939.554000
939.845000
939.961000
940.207000
940.374000
940.624000
940.780000
941.025000
941.158000
941.368000
941.602000
941.851000
942.098000
942.288000
942.456000
942.586000
942.817000
943.054000
943.216000
943.451000
943.611000
943.854000
943.973000
944.202000
944.365000
944.602000
944.870000
945.008000
945.213000
945.377000
945.629000
945.832000
945.996000
946.187000
946.415000
946.648000
946.734000
947.031000
947.199000
947.427000
947.625000
947.817000
947.979000
948.207000
948.390000
948.655000
948.840000
949.059000
949.293000
949.391000
949.531000
949.860000
950.089000
950.164000
950.390000
950.664000
950.836000
951.086000
951.193000
951.411000
951.647000
951.845000
952.110000
952.230000
952.409000
952.577000
952.792000
953.086000
953.287000
953.412000
953.626000
953.800000
954.077000
954.240000
954.370000
954.652000
954.820000
955.002000
955.215000
955.416000
955.643000
955.878000
956.043000
956.192000
956.453000
956.656000
956.883000
957.085000
957.264000
957.402000
957.713000
957.794000
958.044000
958.273000
958.470000
958.538000
958.846000
958.995000
959.266000
959.419000
959.628000
959.851000
959.995000
960.195000
960.383000
960.689000
960.831000
961.022000
961.231000
961.383000
961.580000
961.785000
962.073000
962.203000
962.355000
962.639000
962.846000
962.972000
963.135000
963.356000
963.586000
963.830000
964.065000
964.220000
964.437000
964.651000
964.866000
964.917000
965.139000
965.452000
965.698000
965.795000
966.029000
966.229000
966.398000
966.660000
966.746000
967.036000
967.235000
967.433000
967.629000
967.882000
968.068000
968.340000
968.437000
968.636000
968.790000
969.001000
969.215000
969.464000
969.662000
969.849000
970.040000
970.300000
970.478000
970.641000
970.728000
971.011000
971.228000
971.432000
971.637000
971.776000
971.992000
972.165000
972.453000
972.680000
972.761000
973.031000
973.240000
973.386000
973.558000
973.851000
974.022000
974.206000
974.395000
974.628000
974.846000
974.984000
975.174000
975.479000
975.668000
975.879000
975.962000
976.293000
976.491000
976.602000
976.762000
977.014000
977.311000
977.489000
977.649000
977.863000
978.042000
978.205000
978.351000
978.626000
978.894000
979.065000
979.141000
979.403000
979.702000
979.820000
979.975000
980.196000
980.379000
980.628000
980.838000
981.032000
981.216000
981.446000
981.759000
981.851000
981.983000
982.188000
982.476000
982.701000
982.841000
983.089000
983.206000
983.424000
983.676000
983.861000
984.088000
984.258000
984.452000
984.582000
984.830000
985.061000
985.288000
985.492000
985.613000
985.943000
986.123000
986.253000
986.503000
986.658000
986.797000
987.057000
987.307000
987.360000
987.624000
987.825000
988.071000
988.234000
988.384000
988.666000
988.886000
989.040000
989.125000
989.436000
989.709000
989.889000
990.041000
990.221000
990.374000
990.656000
990.846000
990.997000
991.253000
991.396000
991.546000
991.854000
992.031000
992.224000
992.447000
992.618000
992.782000
992.994000
993.209000
993.427000
993.688000
993.851000
994.007000
994.190000
994.380000
994.616000
994.833000
995.079000
995.263000
995.464000
995.675000
995.807000
996.022000
996.218000
996.456000
996.581000
996.753000
997.024000
997.318000
997.516000
997.669000
997.856000
998.085000
998.214000
998.462000
998.630000
998.862000
999.000000
999.162000
999.490000
999.658000
999.858000
1000.070000
1000.240000
1000.430000
1000.640000
1000.880000
1001.040000
1001.320000
1001.450000
1001.630000
1001.860000
1002.050000
1002.260000
1002.490000
1002.640000
1002.770000
1002.980000
1003.230000
1003.490000
1003.650000
1003.840000
1004.050000
1004.270000
1004.480000
1004.670000
1004.760000
1005.040000
1005.280000
1005.450000
1005.640000
1005.790000
1006.040000
1006.170000
1006.470000
1006.600000
1006.930000
1007.000000
1007.190000
1007.370000
1007.670000
1007.870000
1008.010000
1008.140000
1008.420000
1008.630000
1008.850000
1009.030000
1009.190000
1009.370000
1009.610000
1009.850000
1010.080000
1010.200000
1010.420000
1010.600000
1010.840000
1011.030000
1011.160000
1011.410000
1011.630000
1011.810000
1012.130000
1012.300000
1012.440000
1012.560000
1012.830000
1013.090000
1013.270000
1013.440000
1013.550000
1013.850000
1013.960000
1014.250000
1014.420000
1014.640000
1014.840000
1015.120000
1015.290000
1015.430000
1015.650000
1015.810000
1016.050000
1016.240000
1016.450000
1016.700000
1016.780000
1017.060000
1017.310000
1017.440000
1017.590000
1017.820000
1018.010000
1018.250000
1018.420000
1018.570000
1018.870000
1019.060000
1019.200000
1019.420000
1019.720000
1019.860000
1020.070000
1020.250000
1020.440000
1020.680000
1020.850000
1021.020000
1021.270000
1021.380000
1021.680000
1021.870000
1021.990000
1022.180000
1022.460000
1022.610000
1022.830000
1022.990000
1023.240000
1023.390000
1023.560000
1023.820000
1023.990000
1024.230000
1024.400000
1024.590000
1024.850000
1025.010000
1025.210000
1025.420000
1025.650000
1025.840000
1026.080000
1026.220000
1026.380000
1026.590000
1026.790000
1027.060000
1027.270000
1027.420000
1027.610000
1027.890000
1028.060000
1028.240000
1028.370000
1028.600000
1028.860000
1029.060000
1029.250000
1029.490000
1029.610000
1029.880000
1030.110000
1030.260000
1030.430000
1030.600000
1030.850000
1031.090000
1031.340000
1031.460000
1031.570000
1031.880000
1032.040000
1032.260000
1032.450000
1032.550000
1032.820000
1033.060000
1033.200000
1033.320000
1033.610000
1033.830000
1034.070000
1034.290000
1034.400000
1034.590000
1034.810000
1035.080000
1035.190000
1035.410000
1035.620000
1035.800000
1036.020000
1036.300000
1036.420000
1036.640000
1036.860000
1037.080000
1037.230000
1037.350000
1037.610000
1037.770000
1038.020000
1038.230000
1038.400000
1038.670000
1038.850000
1039.060000
1039.250000
1039.400000
1039.670000
1039.800000
1040.060000
1040.290000
1040.390000
1040.640000
1040.820000
1041.090000
1041.270000
1041.490000
1041.700000
1041.840000
1042.030000
1042.240000
1042.410000
1042.650000
1042.840000
1043.070000
1043.240000
1043.440000
1043.640000
1043.850000
1044.030000
1044.240000
1044.480000
1044.590000
1044.790000
1045.030000
1045.290000
1045.490000
1045.700000
1045.870000
1045.990000
1046.180000
1046.430000
1046.680000
1046.760000
1047.120000
1047.210000
1047.410000
1047.690000
1047.880000
1048.020000
1048.260000
1048.510000
1048.600000
1048.780000
1049.050000
1049.230000
1049.440000
1049.610000
1049.830000
1050.020000
1050.250000
1050.370000
1050.550000
1050.900000
1051.040000
1051.190000
1051.380000
1051.650000
1051.840000
1052.020000
1052.190000
1052.420000
1052.650000
1052.880000
1053.030000
1053.210000
1053.320000
1053.680000
1053.890000
1054.010000
1054.230000
1054.450000
1054.610000
1054.810000
1055.080000
1055.250000
1055.390000
1055.620000
1055.820000
1056.000000
1056.210000
1056.450000
1056.610000
1056.740000
1056.980000
1057.180000
1057.460000
1057.630000
1057.810000
1058.050000
1058.200000
1058.450000
1058.600000
1058.730000
1058.970000
1059.200000
1059.410000
1059.660000
1059.770000
1059.890000
1060.230000
1060.500000
1060.660000
1060.770000
1060.970000
1061.250000
1061.420000
1061.580000
1061.850000
1061.980000
1062.270000
1062.430000
1062.740000
1062.740000
1063.030000
1063.230000
1063.410000
1063.640000
1063.810000
1064.000000
1064.160000
1064.410000
1064.610000
1064.800000
1065.030000
1065.200000
1065.400000
1065.570000
1065.740000
1066.080000
1066.180000
1066.440000
1066.650000
1066.760000
1067.000000
1067.260000
1067.430000
1067.600000
1067.760000
1067.980000
1068.190000
1068.420000
1068.550000
1068.810000
1068.950000
1069.210000
1069.340000
1069.580000
1069.850000
1070.000000
1070.220000
1070.340000
1070.540000
1070.890000
1070.970000
1071.150000
1071.350000
1071.620000
1071.830000
1071.980000
1072.200000
1072.350000
1072.710000
1072.810000
1073.090000
1073.130000
1073.400000
1073.660000
1073.870000
1074.070000
1074.250000
1074.430000
1074.640000
1074.890000
1075.020000
1075.170000
1075.420000
1075.740000
1075.790000
1076.000000
1076.170000
1076.420000
1076.620000
1076.810000
1077.030000
1077.200000
1077.360000
1077.630000
1077.750000
1078.030000
1078.210000
1078.360000
1078.530000
1078.850000
1079.040000
1079.220000
1079.440000
1079.600000
1079.810000
1080.030000
1080.180000
1080.490000
1080.610000
1080.840000
1081.070000
1081.150000
1081.390000
1081.600000
1081.850000
1082.030000
1082.230000
1082.450000
1082.640000
1082.780000
1083.000000
