26.626500
26.666600
26.661600
26.631900
26.649700
26.650300
26.655400
26.618300
26.671700
26.626000
26.679300
26.669200
26.652100
26.665900
26.642600
26.692200
26.693100
26.660000
26.666200
26.638800
26.662100
26.651200
26.646100
26.630500
26.668700
26.649100
26.636800
26.646500
26.662900
26.622500
26.658200
26.640600
26.632800
26.656400
26.660900
26.639100
26.665600
26.648800
26.642400
26.663900
26.662800
26.646700
26.633200
26.667000
26.647800
26.635500
26.652400
26.685200
26.665400
26.626900
26.637400
26.665600
26.656000
26.691900
26.664200
26.682300
26.642900
26.641300
26.645400
26.684600
26.675300
26.651800
26.663600
26.723300
26.643900
26.636000
26.652600
26.648700
26.706100
26.660000
26.655400
26.664100
26.639900
26.659300
26.650900
26.649700
26.667200
26.649100
26.662800
26.703500
26.649100
26.671200
26.642800
26.645600
26.684500
26.664000
26.666900
26.640600
26.636500
26.645200
26.661400
26.629100
26.632800
26.665200
26.630200
26.692400
26.651700
26.643200
26.669200
26.680000
26.636200
26.655000
26.638500
26.626600
26.689700
26.691900
26.640800
26.673900
26.641500
26.632900
26.641700
26.647100
26.684400
26.652400
26.670800
26.663000
26.639400
26.630000
26.632900
26.652200
26.675900
26.654000
26.662800
26.665200
26.679500
26.628800
26.655800
26.626400
26.684900
26.652900
26.648500
26.696500
26.643100
26.639500
26.717100
26.606300
26.636600
26.653300
26.662500
26.666200
26.669000
26.678900
26.657900
26.634800
26.630400
26.682900
26.653300
26.667000
26.666400
26.635300
26.611600
26.635700
26.664500
26.724800
26.620100
26.653900
26.626200
26.652500
26.689800
26.647400
26.683200
26.641800
26.652000
26.640500
26.650600
26.697600
26.670000
26.665400
26.697200
26.643600
26.616300
26.630600
26.684100
26.631000
26.634400
26.672300
26.695600
26.646000
26.689500
26.681400
26.656400
26.639000
26.630600
26.651100
26.636200
26.669800
26.653400
26.655400
26.643600
26.634900
26.693800
26.669500
26.645000
26.643500
26.643100
26.630300
26.685100
26.709300
26.664900
26.685200
26.678400
26.673700
26.675100
26.690400
26.618500
26.704400
26.671100
26.661800
26.688100
26.657100
26.666200
26.645000
26.650300
26.646400
26.657400
26.647700
26.657700
26.680700
26.620200
26.681600
26.652700
26.642400
26.637600
26.662700
26.683500
26.641600
26.670900
26.651900
26.678200
26.657500
26.655900
26.666500
26.661700
26.654700
26.645400
26.634000
26.649200
26.687100
26.655200
26.646900
26.699400
26.678100
26.645600
26.655500
26.635800
26.673400
26.675400
26.618700
26.644400
26.662400
26.659500
26.647700
26.683900
26.666200
26.652700
26.649900
26.651800
26.645400
26.692600
26.641400
26.644300
26.670200
26.692900
26.681700
26.680000
26.655100
26.638900
26.656500
26.671700
26.636000
26.646300
26.636100
26.627800
26.643100
26.690700
26.631500
26.658100
26.707800
26.638500
26.631800
26.629300
26.631300
26.665100
26.668600
26.640900
26.672600
26.667400
26.636000
26.670200
26.663400
26.729100
26.679400
26.648400
26.622400
26.679800
26.649800
26.705400
26.714400
26.645800
26.675900
26.655900
26.634600
26.656100
26.684400
26.634100
26.682300
26.650400
26.654800
26.708000
26.645200
26.673000
26.635500
26.678800
26.672700
26.641800
26.648100
26.636600
26.647800
26.639800
26.662200
26.664700
26.648500
26.658200
26.650500
26.664300
26.628400
26.639700
26.673700
26.660100
26.706600
26.646600
26.681100
26.670100
26.625100
26.647200
26.629800
26.674000
26.682200
26.657800
26.720300
26.650200
26.675700
26.654800
26.663400
26.625500
26.635600
26.630000
26.634200
26.661800
26.647000
26.659800
26.641500
26.706100
26.656300
26.666900
26.705200
26.645600
26.638100
26.662000
26.654300
26.685100
26.677200
26.614500
26.639300
26.680300
26.671500
26.646000
26.659100
26.702300
26.662400
26.690200
26.629100
26.660500
26.644400
26.648000
26.684000
26.651500
26.631000
26.655000
26.666700
26.645100
26.644000
26.647200
26.666400
26.642800
26.664100
26.630400
26.699100
26.624900
26.674000
26.654300
26.641000
26.634300
26.656700
26.669900
26.680000
26.686500
26.654300
26.662300
26.662800
26.639700
26.642200
26.655200
26.658300
26.652600
26.633400
26.681200
26.633700
26.652800
26.649200
26.645300
26.655600
26.700700
26.638900
26.628100
26.649200
26.677900
26.625500
26.646700
26.633200
26.688500
26.635100
26.680400
26.658400
26.633100
26.642000
26.668400
26.665000
26.647900
26.645200
26.647800
26.634500
26.646900
26.627600
26.650700
26.665600
26.705600
26.664800
26.662400
26.669100
26.694500
26.629000
26.684400
26.661500
26.649300
26.641100
26.624100
26.705000
26.658400
26.627800
26.678100
26.655500
26.665400
26.653800
26.640000
26.645900
26.661900
26.648000
26.607000
26.650700
26.640900
26.709500
26.667700
26.672200
26.670000
26.621500
26.654100
26.667900
26.648400
26.642500
26.662000
26.673500
26.680100
26.643100
26.664000
26.663000
26.665300
26.650800
26.654700
26.643900
26.647800
26.686200
26.676900
26.675100
26.668400
26.650100
26.666000
26.708900
26.728700
26.698500
26.672700
26.696200
26.715400
26.683900
26.762400
26.668900
26.707600
26.672300
26.691300
26.748200
26.684500
26.717300
26.713100
26.705500
26.691100
26.728600
26.715900
26.677000
26.704100
26.689900
26.764200
26.724000
26.729700
26.787700
26.728300
26.676200
26.734200
26.712800
26.690800
26.688500
26.743100
26.736600
26.728500
26.714700
26.713700
26.724200
26.708800
26.715700
26.720600
26.724000
26.706600
26.739600
26.705400
26.702900
26.743800
26.682000
26.729600
26.752100
26.740900
26.708500
26.713800
26.708000
26.687700
26.699500
26.716900
26.729600
26.708500
26.724500
26.766000
26.720800
26.684500
26.701100
26.762600
26.740200
26.744200
26.724500
26.727600
26.706000
26.721700
26.717000
26.736500
26.747700
26.733400
26.722400
26.744600
26.708600
26.685300
26.709500
26.728400
26.742900
26.736200
26.700100
26.714200
26.780000
26.732400
26.712200
26.720700
26.728800
26.718300
26.678400
26.707400
26.698100
26.778100
26.716100
26.720800
26.753800
26.721100
26.688800
26.733500
26.781500
26.740200
26.726500
26.726900
26.719800
26.716300
26.726700
26.708200
26.685000
26.742100
26.709700
26.731700
26.700900
26.777200
26.705200
26.722600
26.751200
26.720500
26.760300
26.719200
26.721300
26.731100
26.727300
26.751000
26.726400
26.693600
26.733800
26.760900
26.702100
26.693800
26.734300
26.715700
26.741500
26.702600
26.720600
26.714700
26.735700
26.693400
26.749700
26.748300
26.717500
26.733400
26.698200
26.686000
26.688600
26.723300
26.690700
26.700200
26.721800
26.716000
26.737600
26.719100
26.728300
26.768200
26.792100
26.703300
26.733900
26.781500
26.729700
26.696900
26.711700
26.706300
26.682800
26.723300
26.743900
26.731700
26.746400
26.754000
26.732800
26.715900
26.715400
26.769300
26.712100
26.718000
26.719400
26.720200
26.710200
26.725800
26.739700
26.758900
26.688500
26.749800
26.708700
26.695800
26.750300
26.724700
26.728400
26.707700
26.722300
26.688200
26.775200
26.769700
26.701200
26.731100
26.752400
26.723300
26.728600
26.697000
26.746400
26.722700
26.722100
26.715500
26.719700
26.747100
26.714900
26.711200
26.723300
26.747800
26.709900
26.761700
26.732000
26.722900
26.728700
26.728000
26.722300
26.727000
26.760500
26.702700
26.685100
26.717100
26.738400
26.717000
26.674100
26.700400
26.694100
26.746200
26.702400
26.740700
26.726700
26.713300
26.717000
26.746100
26.727800
26.696600
26.734100
26.729900
26.702000
26.759600
26.735500
26.688400
26.686700
26.732200
26.700500
26.743600
26.733300
26.711000
26.741600
26.760100
26.728600
26.733600
26.713400
26.716900
26.710800
26.736100
26.694000
26.733400
26.707700
26.730200
26.738400
26.757800
26.708600
26.755700
26.717900
26.710600
26.736700
26.737500
26.731200
26.725600
26.715100
26.719400
26.714900
26.717800
26.703600
26.692500
26.723900
26.677900
26.719300
26.722500
26.741000
26.708600
26.798400
26.689100
26.738100
26.717700
26.674000
26.716000
26.726700
26.698600
26.748900
26.739200
26.715300
26.740300
26.750200
26.766300
26.689800
26.676000
26.752100
26.747500
26.715500
26.758700
26.730500
26.727400
26.719600
26.706400
26.694100
26.681300
26.736500
26.764600
26.696000
26.707400
26.700700
26.716000
26.714900
26.678600
26.692900
26.705600
26.733800
26.711300
26.776000
26.686900
26.708200
26.709100
26.733800
26.736200
26.722200
26.730200
26.736100
26.713900
26.718500
26.746700
26.759500
26.711700
26.718600
26.699200
26.699000
26.709700
26.700000
26.689100
26.726400
26.710500
26.721100
26.712100
26.707300
26.721900
26.791900
26.723400
26.752000
26.700800
26.709000
26.730900
26.758700
26.724900
26.718400
26.770800
26.749100
26.717500
26.690700
26.710600
26.744900
26.750500
26.752700
26.685400
26.713600
26.764500
26.688800
26.706700
26.725100
26.696500
26.717500
26.754400
26.759400
26.738800
26.743200
26.702700
26.740600
26.741000
26.720500
26.725100
26.765100
26.716900
26.716700
26.705500
26.724100
26.821000
26.755700
26.726700
26.779300
26.709400
26.734000
26.709100
26.727500
26.703200
26.732400
26.722600
26.734500
26.731300
26.742400
26.699700
26.713800
26.723100
26.776600
26.705600
26.716000
26.764000
26.690900
26.765300
26.721900
26.731900
26.699200
26.693300
26.726400
26.722500
26.691300
26.700600
26.734700
26.728300
26.730300
26.729200
26.735100
26.722200
26.755500
26.741800
26.737700
26.746100
26.750600
26.705300
26.705300
26.723400
26.749200
26.757600
26.728300
26.785000
26.726400
26.719600
26.744200
26.686800
26.704900
26.781000
26.722000
26.732100
26.788200
26.693900
26.738200
26.702400
26.719700
26.743700
26.710100
26.738300
26.725300
26.708500
26.740300
26.698000
26.722600
26.759700
26.759300
26.706500
26.805500
26.691700
26.739100
26.706200
26.705300
26.684000
26.731500
26.695500
26.731500
26.716500
26.757200
26.669400
26.706300
26.692000
26.730300
26.749000
26.707900
26.722500
26.749200
26.712900
26.719800
26.706100
26.713100
26.683100
26.791300
26.795200
26.713900
26.696200
26.729000
26.695900
26.697100
26.730600
26.760800
26.730000
26.725300
26.702700
26.728900
26.778600
26.736100
26.725100
26.692400
26.846200
26.699400
26.723700
26.705900
26.805500
26.691600
26.712900
26.700400
26.742900
26.720600
26.689400
26.707800
26.726300
26.722200
26.734100
26.693300
26.704800
26.703500
26.713700
26.693800
26.691600
26.733900
26.755200
26.768800
26.684700
26.751000
26.774600
26.704500
26.739700
26.748400
26.748100
26.745300
26.717800
26.737500
26.723900
26.725200
26.736400
26.707900
26.738900
26.711400
26.697200
26.725700
26.762100
26.726000
26.730400
26.711800
26.767900
26.722100
26.710000
26.746200
26.718700
26.738300
26.682700
26.733100
26.691600
26.730600
26.756100
26.714600
26.726200
26.741300
26.727500
26.781000
26.735300
26.727300
26.712500
26.718200
26.736800
26.719000
26.745600
26.732400
26.693100
26.713100
26.701700
26.740200
26.731900
26.764000
26.697300
26.780100
26.682900
26.771700
26.715800
26.746100
26.748300
26.713100
26.710200
26.735100
26.736900
26.711800
26.700200
26.778700
26.700100
26.732700
26.701400
26.705000
26.736600
26.753400
26.732500
26.703900
26.725300
26.740200
26.699900
26.754600
26.746600
26.702800
26.703900
26.713500
26.711500
26.721600
26.747500
26.716200
26.724100
26.714300
26.735300
26.739500
26.745300
26.753400
26.714200
26.753400
26.719000
26.726200
26.748800
26.708200
26.723700
26.705300
26.710300
26.764000
26.749300
26.767200
26.686800
26.703600
26.675000
26.726100
26.751000
26.737200
26.755300
26.723500
26.687900
26.701200
26.754500
26.700900
26.729100
26.761200
26.711300
26.696700
26.711000
26.709500
26.758300
26.768900
26.708900
26.673700
26.727200
26.718500
26.806700
26.798600
26.730200
26.697000
26.757100
26.697800
26.763000
26.781800
26.714400
26.691400
26.758500
26.755400
26.729600
26.730800
26.717600
26.722400
26.721600
26.721800
26.725500
26.693800
26.684100
26.723600
26.705700
26.711800
26.767700
26.714400
26.695300
26.698200
26.743200
26.697500
26.750300
26.734800
26.737500
26.737700
26.695600
26.744800
26.700100
26.763500
26.792300
26.708800
26.742100
26.743100
26.700400
26.771000
26.713300
26.781200
26.690900
26.754800
26.747100
26.718200
26.754700
26.757500
26.746700
26.713000
26.724400
26.744600
26.727700
26.698000
26.708500
26.756700
26.707500
26.764300
26.710700
26.723000
26.734000
26.708700
26.727300
26.720300
26.722900
26.716100
26.713000
26.733400
26.708100
26.738500
26.711600
26.729400
26.756000
26.705700
26.701500
26.732800
26.734600
26.727100
26.767800
26.690000
26.692900
26.726800
26.794900
26.708900
26.758500
26.727700
26.742200
26.724400
26.708200
26.739000
26.736900
26.717300
26.695700
26.711200
26.744000
26.740100
26.751800
26.747100
26.708500
26.721600
26.705100
26.708800
26.734900
26.716800
26.743800
26.762800
26.708000
26.771100
26.698400
26.803100
26.783800
26.772400
26.780400
26.785200
26.777600
26.843000
26.811100
26.782700
26.782600
26.793800
26.744900
26.791900
26.776700
26.832200
26.794700
26.774900
26.808100
26.808500
26.752200
26.829100
26.776000
26.791300
26.794500
26.774700
26.790800
26.815600
26.811500
26.792900
26.777300
26.785200
26.769300
26.804300
26.798400
26.797400
26.826400
26.800600
26.783200
26.792000
26.812600
26.785400
26.817700
26.801200
26.798600
26.793500
26.818300
26.802300
26.815200
26.792700
26.832500
26.800500
26.781500
26.790700
26.810000
26.831700
26.801600
26.839100
26.792800
26.826300
26.787700
26.808800
26.786900
26.778000
26.803700
26.792000
26.812000
26.862500
26.824600
26.792500
26.782600
26.865900
26.808300
26.788500
26.779100
26.821600
26.802400
26.841500
26.817100
26.776800
26.793600
26.783200
26.795800
26.807900
26.834700
26.816200
26.802800
26.811300
26.837100
26.806600
26.756500
26.795200
26.808300
26.810800
26.793600
26.792400
26.811900
26.818900
26.861300
26.815000
26.794700
26.785200
26.783500
26.827700
26.791900
26.808700
26.788500
26.799000
26.763100
26.806200
26.763700
26.790000
26.829000
26.828700
26.820200
26.800600
26.821300
26.790200
26.781600
26.774100
26.852900
26.770800
26.843600
26.852100
26.791900
26.850100
26.821900
26.813900
26.788600
26.788500
26.849200
26.815100
26.869100
26.787800
26.851800
26.795100
26.767700
26.870300
26.786900
26.789600
26.813100
26.794100
26.791400
26.796600
26.786200
26.806400
26.831700
26.801000
26.788700
26.816500
26.771800
26.810400
26.792900
26.795200
26.790000
26.793900
26.780700
26.873200
26.775400
26.827200
26.792200
26.791900
26.793900
26.790000
26.780500
26.784300
26.819100
26.796700
26.820900
26.791100
26.850900
26.839400
26.831200
26.799300
26.817800
26.784000
26.805200
26.827600
26.788700
26.806100
26.786700
26.804500
26.783600
26.835500
26.779100
26.842100
26.800600
26.793000
26.824800
26.771900
26.805600
26.809500
26.782300
26.848000
26.797500
26.805700
26.775400
26.767000
26.825300
26.781700
26.829700
26.780800
26.797400
26.800400
26.788100
26.817700
26.836500
26.763000
26.770700
26.841600
26.801300
26.790200
26.850900
26.822000
26.861500
26.775000
26.810500
26.793100
26.818000
26.868900
26.837200
26.782700
26.801300
26.789700
26.834200
26.792300
26.784400
26.808100
26.777100
26.837200
26.797700
26.803300
26.799400
26.812700
26.798400
26.794200
26.811500
26.775100
26.793000
26.819700
26.828200
26.820700
26.821300
26.836300
26.793500
26.768100
26.794400
26.791400
26.793400
26.795500
26.773300
26.807100
26.802100
26.806800
26.835500
26.773800
26.845800
26.781100
26.794500
26.820800
26.810100
26.783800
26.819400
26.785100
26.811500
26.787400
26.838200
26.838900
26.788400
26.790600
26.804300
26.808200
26.793500
26.760700
26.811100
26.858100
26.833200
26.781900
26.801300
26.803000
26.840500
26.855200
26.772900
26.826100
26.760400
26.832400
26.772100
26.817600
26.780400
26.816500
26.780300
26.810400
26.832000
26.830100
26.848600
26.814000
26.891000
26.807200
26.780300
26.790500
26.817900
26.809400
26.809600
26.792500
26.809800
26.846900
26.804800
26.790300
26.831800
26.873800
26.800900
26.808300
26.777500
26.778200
26.807000
26.765000
26.777400
26.829200
26.796500
26.823700
26.796400
26.787400
26.792000
26.778800
26.858000
26.830100
26.795500
26.836100
26.824500
26.795600
26.832500
26.831800
26.899000
26.818900
26.835800
26.792900
26.756900
26.813400
26.790200
26.842100
26.782000
26.784100
26.780300
26.780700
26.826900
26.773000
26.830600
26.819900
26.794400
26.763100
26.815400
26.834600
26.850200
26.827900
26.845100
26.803300
26.824900
26.794100
26.811800
26.832200
26.815000
26.822600
26.814100
26.824500
26.796900
26.785400
26.821700
26.829700
26.834100
26.784000
26.828000
26.806600
26.863100
26.804300
26.786200
26.796400
26.796200
26.809900
26.811500
26.845200
26.806800
26.804900
26.808500
26.809600
26.833100
26.818200
26.851500
26.820300
26.817500
26.809500
26.795700
26.863700
26.795500
26.815900
26.818600
26.792300
26.804900
26.787900
26.828900
26.775400
26.799900
26.808500
26.845000
26.796400
26.830700
26.787700
26.821200
26.832700
26.824000
26.857500
26.822100
26.827800
26.793000
26.782300
26.821400
26.792600
26.779200
26.815800
26.816100
26.804900
26.822400
26.783000
26.826700
26.838400
26.769100
26.841800
26.819800
26.792100
26.807700
26.884300
26.813800
26.808100
26.836900
26.816800
26.808900
26.815000
26.807000
26.836000
26.796600
26.842200
26.796000
26.801000
26.791900
26.797200
26.804500
26.777700
26.763600
26.796300
26.799900
26.812800
26.808000
26.802000
26.793700
26.857800
26.848700
26.773800
26.798000
26.832900
26.824200
26.800900
26.804100
26.781300
26.802800
26.802000
26.832000
26.791100
26.846400
26.803900
26.800700
26.861900
26.775400
26.827000
26.815900
26.808100
26.778500
26.790900
26.862000
26.765600
26.813300
26.805100
26.790000
26.817000
26.809100
26.798300
26.836900
26.810500
26.821300
26.845000
26.792300
26.836000
26.797800
26.882000
26.810100
26.776200
26.840200
26.815700
26.794200
26.788100
26.854200
26.824600
26.811900
26.778400
26.825900
26.784300
26.806400
26.802700
26.777500
26.838100
26.813100
26.794100
26.821500
26.764600
26.832400
26.870600
26.835700
26.824700
26.795000
26.824600
26.785200
26.800800
26.853800
26.831700
26.797800
26.860000
26.846600
26.822700
26.843100
26.829200
26.812500
26.848000
26.845000
26.821600
26.783300
26.792700
26.780900
26.814300
26.792800
26.830400
26.800400
26.801100
26.794500
26.827400
26.789300
26.773200
26.804100
26.805800
26.802200
26.829800
26.841000
26.834500
26.790500
26.805500
26.848300
26.806000
26.785500
26.868400
26.799200
26.807400
26.802700
26.815800
26.779800
26.796100
26.814700
26.802000
26.773800
26.848600
26.791400
26.799500
26.768700
26.801100
26.799100
26.804100
26.799800
26.831000
26.794000
26.809900
26.786900
26.775100
26.844800
26.854100
26.807500
26.799700
26.861100
26.781300
26.808500
26.823200
26.811300
26.819500
26.818000
26.822900
26.825900
26.792800
26.808700
26.800400
26.823200
26.787000
26.838500
26.836700
26.831900
26.789700
26.800700
26.801200
26.789700
26.815700
26.786400
26.818300
26.848000
26.814100
26.800500
26.832700
26.814100
26.810700
26.803600
26.807400
26.831800
26.795600
26.825100
26.825600
26.824100
26.820900
26.824700
26.792500
26.787800
26.812600
26.856700
26.800100
26.802000
26.807400
26.828600
26.783200
26.794800
26.829400
26.841600
26.806300
26.804800
26.828300
26.804100
26.828900
26.802200
26.814400
26.815200
26.774600
26.815500
26.779400
26.802600
26.769000
26.855000
26.793800
26.826700
26.794400
26.805200
26.784900
26.780000
26.800300
26.855000
26.780100
26.800800
26.799300
26.779400
26.765100
26.796000
26.831100
26.768100
26.801400
26.785500
26.806600
26.796400
26.824100
26.798900
26.799900
26.812400
26.801000
26.848900
26.848200
26.785700
26.772600
26.827700
26.790800
26.774700
26.777600
26.843900
26.810300
26.805400
26.781900
26.815800
26.822500
26.788100
26.792800
26.835600
26.789800
26.770900
26.806400
26.788800
26.803000
26.791400
26.820800
26.798300
26.821200
26.803800
26.798200
26.816900
26.826800
26.772900
26.833300
26.792200
26.800100
26.803500
26.788600
26.785300
26.838700
26.826500
26.829200
26.875300
26.771000
26.831400
26.799900
26.803600
26.795200
26.769100
26.801000
26.795800
26.796800
26.808800
26.809600
26.774800
26.826200
26.810100
26.784400
26.840600
26.825800
26.861200
26.789500
26.832800
26.807000
26.820400
26.819100
26.801300
26.800300
26.807900
26.779200
26.803400
26.771300
26.808100
26.793000
26.788600
26.803100
26.792400
26.800900
26.832000
26.797200
26.799500
26.809900
26.793100
26.798100
26.810900
26.792000
26.795100
26.863400
26.804800
26.813000
26.783700
26.800100
26.797400
26.826000
26.760000
26.807700
26.784800
26.795700
26.828200
26.831400
26.848600
26.784800
26.806000
26.783400
26.776900
26.847800
26.792500
26.804700
26.807900
26.807000
26.787900
26.779500
26.767500
26.832200
26.784500
26.832900
26.768000
26.916100
26.811500
26.771700
26.780500
26.790200
26.810100
26.800600
26.785800
26.845000
26.789000
26.803700
26.786400
26.830100
26.820400
26.837000
26.845400
26.784400
26.793700
26.804500
26.846200
26.798600
26.842300
26.815600
26.754900
26.802600
26.816100
26.803500
26.782100
26.804800
26.818900
26.834700
26.823300
26.802900
26.811600
26.797100
26.812100
26.862000
26.776400
26.808600
26.799000
26.799200
26.820600
26.826700
26.796300
26.771000
26.785800
26.785000
26.822800
26.843700
26.769500
26.788800
26.776800
26.829200
26.808600
26.806100
26.812100
26.782000
26.791300
26.810100
26.780200
26.792600
26.855900
26.803100
26.812900
26.808000
26.799100
26.797600
26.787800
26.795700
26.806900
26.793200
26.776500
26.785800
26.814800
26.819500
26.818400
26.827500
26.790800
26.767200
26.778700
26.776500
26.828100
26.830200
26.811500
26.783200
26.757300
26.857000
26.787000
26.771000
26.794100
26.852800
26.785600
26.812500
26.782100
26.786800
26.812800
26.799000
26.798600
26.818700
26.802800
26.826000
26.795200
26.796100
26.830800
26.796500
26.767500
26.799100
26.768200
26.846800
26.781100
26.789100
26.782300
26.794000
26.779300
26.819700
26.795800
26.795100
26.757200
26.778100
26.859000
26.799400
26.780000
26.806200
26.766000
26.841200
26.836700
26.793600
26.793700
26.840800
26.783400
26.811800
26.800600
26.774700
26.797300
26.806900
26.828800
26.783200
26.840900
26.823400
26.819100
26.811000
26.808600
26.829500
26.794400
26.782100
26.815400
26.828000
26.781200
26.804700
26.795900
26.824300
26.807900
26.800400
26.848100
26.816100
26.798100
26.818800
26.771900
26.827800
26.764400
26.824600
26.775900
26.769500
26.826900
26.802500
26.790900
26.843200
26.795800
26.778400
26.806100
26.783300
26.801400
26.785000
26.807100
26.804300
26.793800
26.802100
26.796200
26.802100
26.807500
26.789900
26.752400
26.813400
26.838600
26.817300
26.770000
26.810000
26.826300
26.807800
26.788700
26.803600
26.818300
26.777900
26.821800
26.793700
26.827400
26.791100
26.816800
26.780900
26.775100
26.796900
26.769300
26.824900
26.805600
26.770400
26.819800
26.780700
26.809000
26.845700
26.830800
26.805800
26.799900
26.793700
26.783900
26.798400
26.850100
26.791300
26.799100
26.801700
26.781400
26.835000
26.810100
26.815500
26.791100
26.838700
26.857700
26.835500
26.826300
26.843000
26.757300
26.805500
26.781300
26.776700
26.789900
26.795300
26.802600
26.777000
26.792400
26.799000
26.792800
26.826600
26.785200
26.863200
26.782800
26.795000
26.825100
26.851100
26.834800
26.794600
26.784700
26.788200
26.821300
26.804200
26.794600
26.875900
26.795700
26.828900
26.815600
26.810300
26.815600
26.809900
26.791800
26.803200
26.794600
26.798600
26.784500
26.770500
26.793800
26.820100
26.784900
26.828000
26.780100
26.806500
26.820900
26.808400
26.837600
26.772600
26.794300
26.786700
26.802500
26.760400
26.855400
26.802400
26.777900
26.838100
26.828300
26.783800
26.816100
26.847000
26.801200
26.845000
26.778900
26.842100
26.822600
26.817100
26.813500
26.781600
26.856400
26.825500
26.806800
26.812800
26.809500
26.878700
26.792000
26.787800
26.799400
26.834500
26.823900
26.788600
26.779700
26.800600
26.801300
26.831200
26.785000
26.826600
26.794900
26.814300
26.821900
26.799000
26.801400
26.798400
26.803900
26.821200
26.800200
26.789300
26.833100
26.815000
26.808600
26.804400
26.828300
26.807200
26.792500
26.803200
26.814800
26.810900
26.806000
26.790700
26.794300
26.837000
26.813900
26.836800
26.821100
26.842600
26.802400
26.825500
26.849300
26.818100
26.800600
26.840300
26.817500
26.846100
26.813100
26.808000
26.811800
26.796000
26.796800
26.804300
26.790600
26.837300
26.856200
26.822000
26.829300
26.799700
26.789100
26.794800
26.830500
26.841900
26.799600
26.804400
26.801500
26.815700
26.803300
26.803200
26.764800
26.804200
26.817400
26.808800
26.804800
26.816100
26.832900
26.791000
26.784100
26.810300
26.855100
26.801100
26.786700
26.820100
26.829100
26.776500
26.814500
26.798700
26.797400
26.775200
26.793300
26.809000
26.778200
26.821100
26.787100
26.816300
26.814400
26.863400
26.799800
26.821800
26.812000
26.785300
26.796100
26.793800
26.844600
26.846100
26.786700
26.797700
26.793900
26.783900
26.802400
26.809600
26.832500
26.828300
26.811700
26.817800
26.775000
26.776800
26.818300
26.803300
26.807100
26.837000
26.800100
26.830300
26.797800
26.793400
26.787700
26.823600
26.828000
26.786500
26.789800
26.764000
26.808800
26.800000
26.830100
26.808400
26.787300
26.825500
26.798700
26.804600
26.812000
26.783000
26.810100
26.800600
26.843100
26.801700
26.775700
26.855100
26.845900
26.767400
26.797400
26.821900
26.793500
26.931000
26.802000
26.813500
26.783400
26.830600
26.803200
26.781800
26.813000
