548.044000
548.265000
548.497000
548.648000
548.894000
548.984000
549.188000
549.377000
549.607000
549.849000
549.977000
550.217000
550.476000
550.582000
550.847000
551.045000
551.252000
551.351000
551.653000
551.780000
552.036000
552.204000
552.510000
552.615000
552.822000
553.052000
553.286000
553.445000
553.582000
553.825000
554.033000
554.294000
554.332000
554.596000
554.838000
555.022000
555.154000
555.352000
555.658000
555.815000
556.056000
556.329000
556.421000
556.693000
556.817000
557.039000
557.194000
557.370000
557.622000
557.897000
558.080000
558.276000
558.454000
558.650000
558.779000
558.997000
559.264000
559.497000
559.645000
559.849000
560.031000
560.236000
560.368000
560.608000
560.778000
561.050000
561.214000
561.482000
561.530000
561.778000
562.041000
562.274000
562.335000
562.570000
562.799000
563.013000
563.337000
563.466000
563.558000
563.856000
564.008000
564.193000
564.416000
564.668000
564.912000
565.071000
565.271000
565.427000
565.696000
565.806000
566.060000
566.215000
566.430000
566.612000
566.865000
567.020000
567.221000
567.376000
567.590000
567.838000
568.048000
568.209000
568.355000
568.584000
568.724000
569.065000
569.291000
569.410000
569.608000
569.830000
570.010000
570.254000
570.457000
570.634000
570.790000
571.008000
571.246000
571.472000
571.585000
571.756000
572.029000
572.207000
572.433000
572.583000
572.790000
573.059000
573.210000
573.480000
573.684000
573.838000
573.993000
574.226000
574.468000
574.612000
574.731000
575.028000
575.261000
575.450000
575.550000
575.742000
576.056000
576.259000
576.495000
576.557000
576.781000
577.006000
577.226000
577.489000
577.587000
577.662000
578.043000
578.197000
578.490000
578.632000
578.763000
578.969000
579.287000
579.487000
579.669000
579.808000
579.994000
580.230000
580.385000
580.606000
580.762000
581.026000
581.201000
581.327000
581.595000
581.839000
582.028000
582.233000
582.303000
582.632000
582.865000
583.068000
583.263000
583.353000
583.580000
583.886000
584.101000
584.171000
584.440000
584.593000
584.764000
585.058000
585.267000
585.420000
585.723000
585.879000
586.005000
586.224000
586.408000
586.638000
586.910000
587.056000
587.206000
587.381000
587.646000
587.847000
587.988000
588.200000
588.387000
588.606000
588.696000
589.009000
589.245000
589.338000
589.626000
589.834000
590.016000
590.229000
590.399000
590.565000
590.906000
591.072000
591.182000
591.374000
591.721000
591.843000
592.023000
592.157000
592.460000
592.546000
592.752000
592.905000
593.201000
593.445000
593.655000
593.656000
593.953000
594.219000
594.438000
594.658000
594.788000
595.025000
595.264000
595.436000
595.582000
595.853000
596.008000
596.186000
596.382000
596.653000
596.840000
597.033000
597.190000
597.463000
597.547000
597.720000
598.014000
598.172000
598.433000
598.618000
598.853000
599.023000
599.214000
599.380000
599.626000
599.743000
599.963000
600.229000
600.405000
600.592000
600.775000
601.000000
601.157000
601.435000
601.628000
601.906000
602.017000
602.232000
602.377000
602.643000
602.867000
603.031000
603.229000
603.477000
603.659000
603.776000
604.022000
604.244000
604.420000
604.718000
604.841000
605.008000
605.128000
605.367000
605.675000
605.843000
606.047000
606.180000
606.391000
606.657000
606.861000
606.998000
607.220000
607.432000
607.540000
607.789000
608.058000
608.227000
608.444000
608.550000
608.754000
609.007000
609.303000
609.431000
609.618000
609.888000
610.010000
610.146000
610.478000
610.661000
610.877000
610.932000
611.191000
611.425000
611.621000
611.842000
612.048000
612.249000
612.443000
612.654000
612.825000
613.036000
613.221000
613.385000
613.622000
613.860000
613.953000
614.253000
614.461000
614.603000
614.849000
615.046000
615.226000
615.465000
615.575000
615.767000
616.068000
616.353000
616.425000
616.545000
616.828000
617.017000
617.183000
617.410000
617.675000
617.858000
618.008000
618.190000
618.427000
618.587000
618.852000
619.109000
619.228000
619.417000
619.604000
619.754000
620.014000
620.247000
620.427000
620.511000
620.812000
620.987000
621.197000
621.414000
621.600000
621.795000
621.972000
622.202000
622.434000
622.657000
622.897000
622.929000
623.178000
623.416000
623.605000
623.796000
624.030000
624.148000
624.334000
624.587000
624.831000
624.972000
625.228000
625.464000
625.634000
625.786000
625.990000
626.242000
626.440000
626.563000
626.812000
627.034000
627.240000
627.409000
627.612000
627.836000
627.954000
628.237000
628.385000
628.567000
628.696000
629.053000
629.168000
629.382000
629.526000
629.807000
629.975000
630.191000
630.504000
630.583000
630.866000
631.034000
631.215000
631.467000
631.623000
631.903000
632.051000
632.254000
632.363000
632.690000
632.868000
633.049000
633.195000
633.383000
633.659000
633.734000
634.065000
634.260000
634.420000
634.612000
634.811000
634.934000
635.279000
635.429000
635.628000
635.729000
636.045000
636.207000
636.437000
636.589000
636.838000
636.986000
637.252000
637.371000
637.679000
637.777000
637.990000
638.125000
638.449000
638.634000
638.778000
638.947000
639.228000
639.460000
639.617000
639.850000
639.979000
640.153000
640.384000
640.642000
640.828000
640.977000
641.205000
641.419000
641.672000
641.868000
642.081000
642.202000
642.476000
642.567000
642.848000
643.048000
643.203000
643.392000
643.656000
643.929000
644.027000
644.157000
644.441000
644.673000
644.807000
645.091000
645.259000
645.411000
645.615000
645.794000
646.048000
646.235000
646.383000
646.695000
646.863000
646.931000
647.188000
647.445000
647.639000
647.827000
648.029000
648.251000
648.442000
648.671000
648.824000
649.025000
649.251000
649.397000
649.492000
649.784000
650.019000
650.261000
650.377000
650.610000
650.927000
651.015000
651.207000
651.354000
651.594000
651.804000
652.024000
652.126000
652.421000
652.562000
652.862000
653.079000
653.258000
653.341000
653.625000
653.868000
654.065000
654.233000
654.368000
654.619000
654.731000
655.054000
655.259000
655.401000
655.566000
655.811000
656.071000
656.225000
656.443000
656.637000
656.803000
657.022000
657.248000
657.463000
657.599000
657.704000
658.020000
658.282000
658.451000
658.644000
658.774000
658.947000
659.269000
659.443000
659.588000
659.798000
659.946000
660.172000
660.391000
660.600000
660.794000
661.038000
661.144000
661.422000
661.617000
661.887000
661.906000
662.173000
662.469000
662.594000
662.860000
663.084000
663.200000
663.441000
663.715000
663.830000
664.055000
664.256000
664.461000
664.604000
664.785000
664.941000
665.170000
665.458000
665.608000
665.777000
666.003000
666.235000
666.418000
666.538000
666.704000
666.995000
667.177000
667.432000
667.706000
667.795000
668.071000
668.176000
668.451000
668.634000
668.779000
669.012000
669.224000
669.408000
669.627000
669.811000
669.992000
670.309000
670.446000
670.605000
670.825000
671.023000
671.232000
671.414000
671.550000
671.884000
671.994000
672.256000
672.416000
672.607000
672.846000
672.959000
673.169000
673.442000
673.532000
673.776000
673.989000
674.203000
674.413000
674.605000
674.887000
675.057000
675.237000
675.385000
675.585000
675.830000
675.989000
676.146000
676.460000
676.630000
676.832000
676.977000
677.239000
677.531000
677.596000
677.686000
677.928000
678.188000
678.454000
678.687000
678.817000
678.968000
679.104000
679.472000
679.561000
679.900000
679.936000
680.166000
680.399000
680.638000
680.717000
681.041000
681.177000
681.396000
681.628000
681.847000
682.066000
682.247000
682.434000
682.618000
682.914000
683.074000
683.183000
683.333000
683.615000
683.826000
683.946000
684.196000
684.388000
684.613000
684.881000
684.997000
685.216000
685.384000
685.613000
685.812000
685.959000
686.226000
686.373000
686.621000
686.772000
687.063000
687.253000
687.418000
687.555000
687.781000
687.986000
688.227000
688.448000
688.628000
688.801000
688.998000
689.157000
689.419000
689.625000
689.874000
689.988000
690.238000
690.313000
690.552000
690.851000
691.092000
691.097000
691.322000
691.550000
691.812000
692.005000
692.191000
692.384000
692.590000
692.819000
693.061000
693.334000
693.488000
693.623000
693.709000
694.021000
694.248000
694.359000
694.564000
694.799000
695.011000
695.198000
695.462000
695.613000
695.744000
696.013000
696.322000
696.577000
696.620000
696.798000
696.998000
697.275000
697.427000
697.568000
697.850000
697.974000
698.257000
698.473000
698.618000
698.786000
699.033000
699.211000
699.436000
699.595000
699.767000
700.051000
700.170000
700.411000
700.627000
700.859000
701.047000
701.221000
701.409000
701.586000
701.804000
701.964000
702.283000
702.399000
702.590000
702.806000
703.042000
703.224000
703.481000
703.584000
703.833000
704.064000
704.202000
704.478000
704.692000
704.837000
705.109000
705.158000
705.392000
705.632000
705.860000
705.961000
706.154000
706.313000
706.587000
706.902000
706.976000
707.143000
707.418000
707.635000
707.843000
707.966000
708.247000
708.317000
708.479000
708.789000
709.068000
709.223000
709.478000
709.712000
709.823000
709.894000
710.165000
710.413000
710.570000
710.913000
711.017000
711.160000
711.360000
711.644000
711.879000
712.095000
712.204000
712.367000
712.595000
712.733000
712.941000
713.346000
713.327000
713.647000
713.802000
713.944000
714.176000
714.366000
714.627000
714.809000
715.037000
715.261000
715.358000
715.548000
715.829000
715.969000
716.101000
716.493000
716.614000
716.765000
716.949000
717.153000
717.422000
717.564000
717.769000
718.049000
718.271000
718.394000
718.632000
718.805000
718.929000
719.200000
719.469000
719.650000
719.832000
720.006000
720.183000
720.476000
720.641000
720.796000
720.983000
721.219000
721.374000
721.646000
721.878000
722.007000
722.187000
722.386000
722.665000
722.813000
723.044000
723.212000
723.351000
723.595000
723.787000
723.978000
724.206000
724.423000
724.664000
724.880000
725.078000
725.227000
725.493000
725.607000
725.891000
725.983000
726.210000
726.465000
726.607000
726.785000
727.074000
727.281000
727.347000
727.624000
727.867000
728.036000
728.162000
728.473000
728.566000
728.792000
728.993000
729.268000
729.477000
729.554000
729.797000
730.036000
730.230000
730.441000
730.636000
730.798000
730.976000
731.248000
731.377000
731.640000
731.908000
732.067000
732.198000
732.344000
732.616000
732.820000
733.003000
733.210000
733.422000
733.647000
733.741000
734.071000
734.145000
734.445000
734.542000
734.828000
735.082000
735.196000
735.380000
735.695000
735.825000
736.008000
736.112000
736.411000
736.681000
736.895000
736.977000
737.187000
737.462000
737.571000
737.821000
738.012000
738.246000
738.443000
738.687000
738.895000
739.017000
739.202000
739.462000
739.658000
739.795000
740.013000
740.209000
740.555000
740.616000
740.751000
740.954000
741.166000
741.393000
741.724000
741.872000
741.928000
742.125000
742.413000
742.663000
742.854000
742.978000
743.186000
743.429000
743.640000
743.805000
743.958000
744.137000
744.456000
744.616000
744.833000
744.996000
745.147000
745.428000
745.573000
745.835000
745.982000
746.171000
746.349000
746.594000
746.853000
747.054000
747.174000
747.377000
747.572000
747.812000
748.026000
748.253000
748.427000
748.653000
748.857000
749.090000
749.226000
749.327000
749.584000
749.731000
750.052000
750.305000
750.384000
750.602000
750.809000
750.958000
751.152000
751.408000
751.658000
751.804000
751.957000
752.219000
752.390000
752.599000
752.832000
753.012000
753.121000
753.359000
753.678000
753.822000
754.006000
754.312000
754.412000
754.669000
754.869000
754.968000
755.130000
755.459000
755.627000
755.785000
755.997000
756.200000
756.435000
756.665000
756.854000
756.998000
757.160000
757.410000
757.651000
757.780000
757.934000
758.186000
758.463000
758.631000
758.799000
758.904000
759.190000
759.397000
759.661000
759.854000
759.974000
760.165000
760.442000
760.659000
760.810000
761.014000
761.176000
761.394000
761.624000
761.796000
762.065000
762.194000
762.380000
762.642000
762.850000
763.013000
763.208000
763.374000
763.597000
763.803000
764.025000
764.216000
764.461000
764.684000
764.848000
765.046000
765.222000
765.360000
765.554000
765.812000
766.060000
766.230000
766.425000
766.585000
766.770000
766.957000
767.232000
767.482000
767.659000
767.854000
768.010000
768.189000
768.379000
768.565000
768.826000
768.997000
769.241000
769.333000
769.616000
769.860000
770.026000
770.184000
770.388000
770.530000
770.753000
771.022000
771.283000
771.367000
771.614000
771.816000
771.978000
772.199000
772.455000
772.603000
772.878000
773.053000
773.215000
773.310000
773.625000
773.889000
774.053000
774.157000
774.381000
774.576000
774.896000
775.075000
775.231000
775.377000
775.632000
775.846000
775.963000
776.233000
776.358000
776.582000
776.761000
777.004000
777.220000
777.365000
777.575000
777.796000
778.071000
778.187000
778.428000
778.564000
778.756000
779.007000
779.256000
779.489000
779.578000
779.829000
780.048000
780.151000
780.500000
780.661000
780.788000
780.905000
781.214000
781.447000
781.726000
781.833000
782.077000
782.215000
782.514000
782.593000
782.860000
782.908000
783.197000
783.371000
783.695000
783.860000
784.032000
784.106000
784.403000
784.526000
784.833000
784.985000
785.173000
785.403000
785.577000
785.857000
786.006000
786.248000
786.434000
786.593000
786.827000
787.041000
787.161000
787.345000
787.584000
787.854000
788.052000
788.202000
788.390000
788.628000
788.815000
789.038000
789.240000
789.388000
789.709000
789.873000
790.011000
790.193000
790.333000
790.664000
790.736000
791.033000
791.131000
791.347000
791.641000
791.851000
792.013000
792.232000
792.408000
792.626000
792.839000
792.975000
793.231000
793.365000
793.595000
793.801000
794.018000
794.228000
794.515000
794.667000
794.848000
795.061000
795.193000
795.391000
795.639000
795.810000
796.024000
796.141000
796.410000
796.564000
796.859000
797.070000
797.210000
797.387000
797.578000
797.922000
798.083000
798.258000
798.431000
798.683000
798.842000
799.039000
799.212000
799.436000
799.636000
799.768000
800.020000
800.261000
800.475000
800.618000
800.868000
800.989000
801.179000
801.489000
801.620000
801.840000
801.984000
802.262000
802.421000
802.610000
802.850000
803.036000
803.193000
803.395000
803.651000
803.837000
804.052000
804.245000
804.411000
804.635000
804.880000
805.068000
805.221000
805.444000
805.530000
805.879000
806.014000
806.151000
806.416000
806.597000
806.908000
806.958000
807.223000
807.472000
807.652000
807.800000
808.022000
808.192000
808.457000
808.631000
808.806000
809.035000
809.201000
809.409000
809.691000
809.865000
810.049000
810.258000
810.442000
810.680000
810.891000
810.974000
811.202000
811.286000
811.570000
811.847000
812.036000
812.139000
812.340000
812.640000
812.826000
812.966000
813.137000
813.293000
813.618000
813.873000
814.014000
814.238000
814.349000
814.603000
814.796000
815.064000
815.232000
815.357000
815.562000
815.834000
815.950000
816.143000
816.437000
816.624000
816.763000
817.091000
817.268000
817.443000
817.659000
817.796000
818.038000
818.220000
818.490000
818.690000
818.795000
819.092000
819.228000
819.401000
819.671000
819.831000
820.004000
820.227000
820.300000
820.552000
820.788000
821.094000
821.146000
821.303000
821.653000
821.888000
822.033000
822.261000
822.411000
822.595000
822.882000
823.050000
823.287000
823.414000
823.678000
823.865000
824.038000
824.276000
824.499000
824.657000
824.832000
824.944000
825.202000
825.409000
825.576000
825.801000
826.049000
826.259000
826.444000
826.630000
826.775000
827.020000
827.244000
827.394000
827.655000
827.783000
828.022000
828.194000
828.401000
828.676000
828.800000
829.002000
829.230000
829.466000
829.659000
829.745000
830.032000
830.220000
830.427000
830.662000
830.860000
830.836000
831.132000
831.380000
831.637000
831.808000
832.025000
832.193000
832.425000
832.579000
832.847000
833.061000
833.171000
833.281000
833.577000
833.868000
834.093000
834.204000
834.412000
834.639000
834.826000
835.050000
835.264000
835.430000
835.588000
835.785000
836.022000
836.184000
836.416000
836.560000
836.768000
836.950000
837.194000
837.408000
837.745000
837.816000
837.981000
838.174000
838.458000
838.664000
838.881000
838.999000
839.222000
839.430000
839.704000
839.873000
840.035000
840.221000
840.322000
840.664000
840.789000
841.103000
841.136000
841.362000
841.576000
841.802000
842.054000
842.298000
842.360000
842.597000
842.721000
843.010000
843.252000
843.444000
843.587000
843.751000
843.955000
844.166000
844.378000
844.641000
844.746000
844.951000
845.295000
845.424000
845.588000
845.825000
845.893000
846.159000
846.422000
846.641000
846.813000
846.970000
847.215000
847.407000
847.716000
847.850000
848.030000
848.240000
848.351000
848.629000
848.857000
849.129000
849.250000
849.443000
849.633000
849.806000
850.047000
850.187000
850.356000
850.607000
850.807000
850.923000
851.228000
851.419000
851.536000
851.765000
851.960000
852.235000
852.432000
852.601000
852.824000
853.051000
853.192000
853.447000
853.641000
853.757000
854.057000
854.218000
854.487000
854.682000
854.824000
854.968000
855.237000
855.382000
855.672000
855.857000
856.053000
856.077000
856.387000
856.663000
856.808000
856.949000
857.093000
857.334000
857.480000
857.735000
858.015000
858.212000
858.446000
858.695000
858.816000
858.957000
859.155000
859.402000
859.693000
859.742000
859.993000
860.186000
860.403000
860.597000
860.827000
861.070000
861.197000
861.316000
861.689000
861.749000
862.050000
862.223000
862.307000
862.592000
862.840000
863.094000
863.186000
863.395000
863.615000
863.839000
864.037000
864.166000
864.392000
864.489000
864.836000
865.076000
865.246000
865.403000
865.577000
865.718000
866.039000
866.282000
866.419000
866.533000
866.794000
867.095000
867.194000
867.404000
867.602000
867.769000
868.000000
868.206000
868.405000
868.551000
868.849000
869.072000
869.242000
869.477000
869.590000
869.788000
870.147000
870.148000
870.401000
870.616000
870.843000
871.026000
871.242000
871.360000
871.638000
871.842000
871.924000
872.176000
872.431000
872.725000
872.815000
872.948000
873.170000
873.273000
873.682000
873.842000
874.044000
874.252000
874.421000
874.595000
874.746000
875.061000
875.187000
875.496000
875.601000
875.790000
876.007000
876.190000
876.406000
876.681000
876.835000
877.081000
877.176000
877.462000
877.654000
877.839000
877.975000
878.147000
878.347000
878.622000
878.815000
879.100000
879.200000
879.402000
879.639000
879.772000
880.023000
880.164000
880.384000
880.576000
880.869000
881.002000
881.232000
881.395000
881.649000
881.806000
882.007000
882.287000
882.409000
882.619000
882.796000
883.032000
883.242000
883.399000
883.673000
883.784000
883.971000
884.169000
884.352000
884.586000
884.814000
884.984000
885.214000
885.391000
885.620000
885.797000
885.954000
886.182000
886.409000
886.550000
886.757000
887.034000
887.248000
887.395000
887.629000
887.756000
888.032000
888.171000
888.415000
888.514000
888.781000
889.043000
889.241000
889.389000
889.560000
889.737000
890.060000
890.215000
890.414000
890.651000
890.832000
891.061000
891.256000
891.363000
891.660000
891.765000
892.010000
892.189000
892.397000
892.618000
892.843000
892.994000
893.225000
893.365000
893.605000
893.857000
894.044000
894.151000
894.406000
894.536000
894.835000
895.006000
895.211000
895.460000
895.659000
895.828000
895.910000
896.273000
896.343000
896.550000
896.888000
897.044000
897.162000
897.346000
897.631000
897.861000
898.077000
898.206000
898.343000
898.515000
898.840000
898.981000
899.246000
899.341000
899.612000
899.784000
900.105000
900.299000
900.374000
900.546000
900.769000
901.013000
901.250000
901.366000
901.558000
901.788000
902.009000
902.234000
902.454000
902.597000
902.894000
902.934000
903.238000
903.407000
903.640000
903.867000
904.014000
904.156000
904.411000
904.629000
904.783000
904.956000
905.212000
905.291000
905.611000
905.933000
906.086000
906.185000
906.384000
906.606000
906.823000
907.074000
907.181000
907.449000
907.547000
907.806000
908.038000
908.265000
908.367000
908.616000
908.834000
909.001000
909.190000
909.392000
909.606000
909.835000
909.952000
910.245000
910.479000
910.627000
910.853000
910.948000
911.265000
911.438000
911.530000
911.869000
911.938000
912.194000
912.476000
912.649000
912.845000
913.001000
913.246000
913.461000
913.651000
913.889000
914.058000
914.271000
914.473000
914.586000
914.777000
915.035000
915.173000
915.401000
915.600000
915.827000
916.048000
916.225000
916.458000
916.586000
916.798000
917.005000
917.200000
917.372000
917.702000
917.770000
918.013000
918.225000
918.315000
918.597000
918.807000
919.002000
919.232000
919.384000
919.665000
919.804000
919.969000
920.098000
920.380000
920.611000
920.867000
921.042000
921.139000
921.395000
921.600000
921.852000
922.038000
922.238000
922.426000
922.611000
922.732000
922.969000
923.218000
923.484000
923.639000
923.859000
924.038000
924.193000
924.473000
924.577000
924.827000
925.034000
925.122000
925.394000
925.655000
925.765000
926.070000
926.276000
926.381000
926.639000
926.784000
927.059000
927.220000
927.424000
927.625000
927.768000
927.975000
928.181000
928.399000
928.698000
928.802000
929.152000
929.186000
929.434000
929.678000
929.805000
930.030000
930.188000
930.446000
930.559000
930.812000
931.080000
931.200000
931.377000
931.607000
931.811000
932.029000
932.335000
932.428000
932.608000
932.812000
932.923000
933.233000
933.411000
933.654000
933.850000
934.022000
934.163000
934.406000
934.654000
934.807000
934.998000
935.261000
935.484000
935.665000
935.822000
935.972000
936.223000
936.428000
936.520000
936.783000
936.977000
937.215000
937.342000
937.551000
937.819000
938.044000
938.230000
938.402000
938.628000
938.861000
938.952000
939.186000
939.437000
939.581000
939.857000
940.026000
940.216000
940.384000
940.524000
940.875000
941.083000
941.122000
941.337000
941.657000
941.746000
942.063000
942.267000
942.429000
942.565000
942.854000
943.089000
943.212000
943.392000
943.588000
943.699000
944.038000
944.205000
944.473000
944.426000
944.828000
945.054000
945.209000
945.340000
945.578000
945.868000
946.088000
946.194000
946.392000
946.570000
946.782000
947.057000
947.164000
947.481000
947.661000
947.887000
947.846000
948.090000
948.429000
948.650000
948.809000
948.994000
949.197000
949.323000
949.638000
949.776000
950.067000
950.233000
950.473000
950.592000
950.759000
950.976000
951.213000
951.354000
951.511000
951.758000
952.003000
952.228000
952.433000
952.540000
952.832000
953.033000
953.257000
953.477000
953.704000
953.789000
954.008000
954.295000
954.440000
954.699000
954.864000
955.061000
955.149000
955.489000
955.606000
955.810000
955.974000
956.147000
956.492000
956.707000
956.843000
957.026000
957.236000
957.403000
957.632000
957.857000
958.006000
958.164000
958.401000
958.604000
958.859000
959.030000
959.190000
959.456000
959.638000
959.875000
960.076000
960.108000
960.367000
960.656000
960.766000
960.952000
961.177000
961.454000
961.642000
961.821000
961.975000
962.269000
962.487000
962.696000
962.896000
963.029000
963.221000
963.410000
963.638000
963.785000
964.055000
964.149000
964.391000
964.696000
964.829000
964.987000
965.150000
965.432000
965.658000
965.832000
966.033000
966.249000
966.429000
966.666000
966.760000
967.080000
967.279000
967.400000
967.645000
967.827000
968.054000
968.207000
968.470000
968.609000
968.835000
969.021000
969.194000
969.454000
969.614000
969.773000
970.073000
970.295000
970.361000
970.628000
970.775000
971.099000
971.157000
971.385000
971.687000
971.903000
971.979000
972.218000
972.478000
972.662000
972.789000
972.993000
973.175000
973.447000
973.612000
973.820000
974.010000
974.136000
974.394000
974.626000
974.887000
975.044000
975.156000
975.339000
975.614000
975.793000
975.988000
976.229000
976.494000
976.523000
976.840000
976.993000
977.143000
977.470000
977.591000
977.676000
977.940000
978.210000
978.371000
978.580000
978.754000
979.004000
979.328000
979.465000
979.600000
979.848000
979.963000
980.178000
980.436000
980.585000
980.887000
981.008000
981.165000
981.370000
981.621000
981.828000
982.129000
982.249000
982.406000
982.573000
982.830000
983.046000
983.232000
983.423000
983.591000
983.805000
984.035000
984.251000
984.389000
984.614000
984.778000
984.974000
985.321000
985.388000
985.620000
985.798000
985.989000
986.196000
986.467000
986.658000
986.800000
987.021000
987.200000
987.438000
987.650000
987.892000
988.029000
988.225000
988.448000
988.568000
988.797000
989.091000
989.157000
989.418000
989.633000
989.820000
990.067000
990.242000
990.425000
990.610000
990.861000
990.979000
991.212000
991.446000
991.627000
991.861000
992.087000
992.218000
992.409000
992.618000
992.828000
992.936000
993.226000
993.442000
993.650000
993.837000
993.994000
994.205000
994.329000
994.509000
994.818000
995.064000
995.182000
995.387000
995.554000
995.808000
996.022000
996.180000
996.391000
996.591000
996.763000
997.017000
997.234000
997.428000
997.617000
997.825000
998.061000
998.166000
998.416000
998.631000
998.804000
999.130000
999.219000
999.403000
999.538000
999.731000
999.951000
1000.280000
1000.390000
1000.430000
1000.810000
1001.010000
1001.080000
1001.350000
1001.590000
1001.790000
1002.080000
1002.230000
1002.430000
1002.590000
1002.740000
1003.040000
1003.260000
1003.420000
1003.570000
1003.810000
1004.010000
1004.220000
1004.330000
1004.610000
1004.820000
1005.060000
1005.170000
1005.400000
1005.610000
1005.880000
1005.940000
1006.130000
1006.440000
1006.610000
1006.760000
1007.030000
1007.200000
1007.420000
1007.480000
1007.850000
1007.960000
1008.200000
1008.450000
1008.580000
1008.800000
1009.040000
1009.260000
1009.480000
1009.580000
1009.810000
1010.040000
1010.280000
1010.420000
1010.610000
1010.810000
1011.000000
1011.240000
1011.390000
1011.610000
1011.830000
1012.000000
1012.250000
1012.320000
1012.610000
1012.850000
1013.080000
1013.280000
1013.440000
1013.630000
1013.820000
1014.070000
1014.190000
1014.430000
1014.610000
1014.800000
1014.950000
1015.200000
1015.450000
1015.580000
1015.760000
1015.980000
1016.240000
1016.440000
1016.650000
1016.820000
1017.010000
1017.230000
1017.480000
1017.580000
1017.730000
1017.990000
1018.250000
1018.390000
1018.660000
1018.750000
1019.050000
1019.190000
1019.490000
1019.600000
1019.780000
1020.020000
1020.170000
1020.480000
1020.630000
1020.840000
1021.030000
1021.160000
1021.480000
1021.750000
1021.850000
1021.940000
1022.250000
1022.420000
1022.600000
1022.790000
1023.030000
1023.250000
1023.430000
1023.580000
1023.780000
1024.010000
1024.190000
1024.440000
1024.660000
1024.740000
1024.990000
1025.190000
1025.420000
1025.580000
1025.830000
1026.020000
1026.280000
1026.520000
1026.580000
1026.820000
1027.000000
1027.200000
1027.440000
1027.590000
1027.710000
1027.990000
1028.210000
1028.360000
1028.590000
1028.820000
1029.050000
1029.270000
1029.470000
1029.580000
1029.820000
1030.040000
1030.310000
1030.460000
1030.530000
1030.750000
1031.030000
1031.200000
1031.320000
1031.570000
1031.750000
1032.030000
1032.220000
1032.430000
1032.570000
1032.770000
1033.050000
1033.340000
1033.450000
1033.600000
1033.810000
1034.080000
1034.210000
1034.460000
1034.580000
1034.850000
1035.000000
1035.180000
1035.420000
1035.630000
1035.760000
1035.930000
1036.280000
1036.370000
1036.540000
1036.770000
1036.980000
1037.210000
1037.470000
1037.510000
1037.700000
1038.000000
1038.230000
1038.400000
1038.600000
1038.860000
1038.910000
1039.240000
1039.390000
1039.660000
1039.890000
1039.960000
1040.170000
1040.360000
1040.610000
1040.840000
1041.020000
1041.150000
1041.400000
1041.610000
1041.810000
1042.070000
1042.150000
1042.420000
1042.580000
1042.810000
1043.030000
1043.280000
1043.320000
1043.560000
1043.810000
1044.020000
1044.230000
1044.470000
1044.540000
1044.730000
1045.070000
1045.280000
1045.530000
1045.630000
1045.740000
1046.010000
1046.240000
1046.440000
1046.690000
1046.820000
1046.990000
1047.320000
1047.470000
1047.610000
1047.830000
1048.040000
