583.130000
583.253000
583.518000
583.717000
583.930000
584.087000
584.254000
584.603000
584.720000
584.845000
585.085000
585.286000
585.565000
585.775000
585.923000
586.053000
586.318000
586.481000
586.702000
586.870000
587.147000
587.296000
587.665000
587.733000
587.940000
588.151000
588.302000
588.566000
588.689000
588.949000
589.068000
589.351000
589.486000
589.693000
589.945000
590.246000
590.352000
590.453000
590.616000
590.978000
591.247000
591.335000
591.493000
591.750000
591.960000
592.157000
592.391000
592.490000
592.700000
592.899000
593.133000
593.368000
593.457000
593.665000
593.983000
594.170000
594.272000
594.535000
594.766000
594.935000
595.094000
595.310000
595.525000
595.703000
595.930000
596.161000
596.300000
596.551000
596.698000
596.844000
597.084000
597.353000
597.498000
597.701000
597.911000
598.106000
598.424000
598.498000
598.628000
598.861000
599.147000
599.352000
599.566000
599.712000
599.924000
600.106000
600.315000
600.657000
600.824000
601.039000
601.107000
601.321000
601.485000
601.678000
601.975000
602.122000
602.288000
602.505000
602.717000
602.962000
603.155000
603.376000
603.516000
603.690000
603.876000
604.143000
604.367000
604.520000
604.696000
604.920000
605.099000
605.289000
605.473000
605.740000
605.885000
606.162000
606.278000
606.557000
606.684000
606.870000
607.144000
607.378000
607.542000
607.759000
607.910000
608.158000
608.361000
608.524000
608.696000
608.848000
609.085000
609.437000
609.525000
609.720000
609.905000
610.106000
610.323000
610.537000
610.698000
610.873000
611.201000
611.390000
611.581000
611.649000
611.817000
612.126000
612.303000
612.548000
612.740000
612.911000
613.128000
613.339000
613.615000
613.706000
613.902000
614.045000
614.311000
614.594000
614.707000
614.898000
615.133000
615.242000
615.453000
615.769000
615.920000
616.074000
616.175000
616.420000
616.777000
616.995000
617.161000
617.204000
617.430000
617.685000
617.916000
618.155000
618.373000
618.500000
618.654000
618.969000
619.156000
619.344000
619.559000
619.658000
619.872000
620.142000
620.338000
620.565000
620.699000
620.934000
621.163000
621.271000
621.518000
621.740000
621.930000
622.159000
622.373000
622.490000
622.614000
622.899000
623.148000
623.331000
623.500000
623.707000
623.914000
624.136000
624.338000
624.568000
624.754000
624.860000
625.124000
625.393000
625.496000
625.720000
625.873000
626.119000
626.370000
626.537000
626.803000
627.018000
627.127000
627.299000
627.566000
627.756000
628.018000
628.170000
628.359000
628.528000
628.723000
628.878000
629.018000
629.348000
629.614000
629.709000
629.984000
630.124000
630.264000
630.525000
630.709000
630.885000
631.071000
631.283000
631.518000
631.773000
631.949000
632.048000
632.265000
632.535000
632.734000
632.897000
633.075000
633.321000
633.460000
633.726000
633.973000
634.128000
634.288000
634.534000
634.744000
634.904000
635.112000
635.329000
635.523000
635.741000
635.988000
636.110000
636.260000
636.483000
636.738000
636.998000
637.126000
637.335000
637.511000
637.739000
637.942000
638.107000
638.345000
638.461000
638.689000
638.918000
639.069000
639.305000
639.545000
639.759000
639.975000
640.195000
640.282000
640.533000
640.767000
640.986000
641.100000
641.280000
641.514000
641.772000
641.937000
642.149000
642.273000
642.468000
642.744000
642.946000
643.120000
643.329000
643.493000
643.680000
643.901000
644.128000
644.373000
644.434000
644.743000
644.976000
645.174000
645.339000
645.550000
645.816000
645.927000
646.073000
646.365000
646.554000
646.718000
646.930000
647.213000
647.321000
647.450000
647.746000
647.991000
648.119000
648.252000
648.475000
648.662000
648.883000
649.200000
649.299000
649.461000
649.696000
649.946000
650.113000
650.372000
650.534000
650.658000
650.920000
651.182000
651.366000
651.478000
651.768000
651.984000
652.157000
652.333000
652.549000
652.765000
652.953000
653.129000
653.362000
653.470000
653.706000
653.988000
654.238000
654.365000
654.513000
654.605000
654.949000
655.128000
655.370000
655.490000
655.677000
655.849000
656.115000
656.313000
656.537000
656.684000
656.907000
657.096000
657.265000
657.495000
657.781000
657.945000
658.093000
658.363000
658.532000
658.713000
658.894000
659.185000
659.433000
659.528000
659.696000
659.904000
660.072000
660.346000
660.582000
660.694000
660.876000
661.084000
661.255000
661.575000
661.660000
661.807000
662.101000
662.323000
662.498000
662.697000
662.873000
663.089000
663.269000
663.520000
663.686000
663.896000
664.096000
664.372000
664.525000
664.640000
664.907000
665.124000
665.348000
665.447000
665.712000
665.967000
666.065000
666.396000
666.487000
666.693000
666.890000
667.051000
667.290000
667.517000
667.725000
667.957000
668.073000
668.369000
668.452000
668.680000
668.965000
669.100000
669.244000
669.520000
669.719000
669.932000
670.078000
670.254000
670.548000
670.727000
670.906000
671.103000
671.317000
671.530000
671.752000
672.003000
672.075000
672.294000
672.534000
672.723000
672.902000
673.047000
673.274000
673.461000
673.804000
673.965000
674.125000
674.318000
674.450000
674.746000
674.919000
675.153000
675.260000
675.501000
675.782000
675.971000
676.185000
676.331000
676.530000
676.690000
676.875000
677.124000
677.304000
677.513000
677.686000
677.921000
678.129000
678.302000
678.533000
678.765000
678.851000
679.125000
679.356000
679.521000
679.846000
679.862000
680.143000
680.397000
680.523000
680.661000
680.930000
681.184000
681.318000
681.456000
681.716000
681.899000
682.109000
682.242000
682.533000
682.699000
682.919000
683.093000
683.268000
683.489000
683.740000
683.957000
684.079000
684.359000
684.495000
684.703000
684.933000
685.126000
685.320000
685.512000
685.709000
685.988000
686.247000
686.314000
686.498000
686.722000
686.923000
687.125000
687.287000
687.506000
687.748000
687.963000
688.190000
688.363000
688.438000
688.669000
688.987000
689.199000
689.292000
689.410000
689.688000
689.946000
690.189000
690.379000
690.463000
690.675000
690.915000
691.108000
691.295000
691.573000
691.654000
691.864000
692.129000
692.319000
692.513000
692.704000
692.824000
693.084000
693.351000
693.497000
693.714000
693.842000
694.075000
694.274000
694.536000
694.748000
694.876000
695.129000
695.281000
695.513000
695.741000
695.906000
696.127000
696.293000
696.558000
696.672000
696.924000
697.112000
697.305000
697.500000
697.684000
697.921000
698.079000
698.348000
698.481000
698.677000
698.939000
699.109000
699.287000
699.521000
699.679000
699.876000
700.043000
700.287000
700.545000
700.676000
700.927000
701.081000
701.226000
701.527000
701.717000
701.859000
702.073000
702.338000
702.488000
702.683000
702.976000
703.209000
703.253000
703.454000
703.735000
703.925000
704.129000
704.300000
704.593000
704.717000
704.918000
705.085000
705.393000
705.481000
705.657000
705.921000
706.203000
706.307000
706.504000
706.652000
706.847000
707.070000
707.304000
707.495000
707.664000
707.871000
708.042000
708.313000
708.491000
708.689000
708.856000
709.111000
709.322000
709.540000
709.758000
709.951000
710.035000
710.284000
710.556000
710.766000
710.864000
711.065000
711.275000
711.548000
711.664000
711.866000
712.065000
712.322000
712.585000
712.774000
712.876000
713.007000
713.267000
713.597000
713.689000
713.895000
714.088000
714.254000
714.542000
714.686000
714.924000
715.158000
715.228000
715.505000
715.801000
715.952000
716.039000
716.218000
716.445000
716.736000
716.905000
717.097000
717.250000
717.478000
717.742000
717.950000
718.118000
718.321000
718.451000
718.679000
718.868000
719.079000
719.250000
719.515000
719.672000
719.915000
720.141000
720.384000
720.524000
720.645000
720.857000
721.126000
721.362000
721.522000
721.683000
721.903000
722.146000
722.285000
722.454000
722.652000
722.860000
723.115000
723.291000
723.467000
723.697000
723.923000
724.164000
724.259000
724.510000
724.685000
724.858000
725.140000
725.285000
725.480000
725.640000
725.921000
726.064000
726.250000
726.508000
726.689000
726.915000
727.075000
727.303000
727.461000
727.715000
727.867000
728.069000
728.355000
728.428000
728.646000
728.897000
729.129000
729.348000
729.646000
729.607000
729.869000
730.081000
730.392000
730.528000
730.802000
730.938000
731.095000
731.421000
731.486000
731.693000
731.915000
732.116000
732.287000
732.531000
732.750000
732.870000
733.077000
733.364000
733.525000
733.714000
733.969000
734.067000
734.315000
734.538000
734.689000
734.866000
735.153000
735.298000
735.523000
735.741000
735.889000
736.098000
736.256000
736.462000
736.740000
736.931000
737.112000
737.331000
737.452000
737.734000
737.959000
738.077000
738.360000
738.475000
738.659000
738.926000
739.086000
739.278000
739.552000
739.764000
740.001000
740.091000
740.234000
740.492000
740.728000
740.983000
741.116000
741.250000
741.562000
741.697000
741.898000
742.102000
742.291000
742.539000
742.754000
742.863000
743.080000
743.286000
743.501000
743.719000
743.922000
744.138000
744.263000
744.485000
744.738000
744.910000
745.114000
745.238000
745.513000
745.707000
745.877000
746.064000
746.327000
746.510000
746.649000
746.912000
747.084000
747.303000
747.424000
747.660000
747.874000
748.121000
748.319000
748.454000
748.656000
748.810000
749.105000
749.412000
749.623000
749.744000
749.865000
750.055000
750.280000
750.512000
750.676000
750.933000
751.081000
751.265000
751.567000
751.715000
751.916000
752.174000
752.243000
752.515000
752.718000
752.932000
753.070000
753.330000
753.431000
753.628000
753.891000
754.091000
754.306000
754.545000
754.677000
754.857000
755.072000
755.292000
755.608000
755.719000
755.911000
756.083000
756.304000
756.483000
756.729000
756.967000
757.095000
757.234000
757.493000
757.799000
757.907000
758.130000
758.289000
758.493000
758.784000
758.913000
759.103000
759.256000
759.480000
759.693000
759.903000
760.159000
760.325000
760.495000
760.657000
760.880000
761.127000
761.356000
761.571000
761.647000
761.815000
762.071000
762.302000
762.486000
762.668000
762.876000
763.065000
763.285000
763.469000
763.672000
763.933000
764.103000
764.313000
764.533000
764.754000
764.939000
765.111000
765.418000
765.560000
765.669000
765.929000
766.107000
766.220000
766.490000
766.758000
766.915000
767.174000
767.304000
767.494000
767.677000
767.938000
768.198000
768.250000
768.497000
768.763000
768.946000
769.125000
769.208000
769.454000
769.652000
769.867000
770.106000
770.331000
770.500000
770.798000
770.918000
771.060000
771.280000
771.587000
771.696000
771.885000
772.109000
772.262000
772.488000
772.669000
772.950000
773.136000
773.314000
773.485000
773.722000
773.930000
774.103000
774.317000
774.531000
774.651000
774.822000
775.031000
775.357000
775.630000
775.735000
775.926000
776.014000
776.278000
776.533000
776.714000
776.976000
777.054000
777.280000
777.522000
777.767000
777.935000
778.079000
778.258000
778.496000
778.793000
778.804000
779.055000
779.345000
779.612000
779.687000
779.876000
780.073000
780.270000
780.447000
780.792000
780.898000
781.151000
781.274000
781.427000
781.685000
781.926000
782.162000
782.351000
782.517000
782.679000
782.877000
783.110000
783.340000
783.493000
783.673000
783.938000
784.218000
784.296000
784.519000
784.638000
784.819000
785.171000
785.266000
785.487000
785.740000
785.917000
786.071000
786.280000
786.503000
786.705000
786.837000
787.114000
787.245000
787.477000
787.641000
787.986000
788.097000
788.263000
788.536000
788.715000
788.858000
789.039000
789.307000
789.601000
789.755000
789.869000
790.093000
790.326000
790.495000
790.648000
790.951000
791.114000
791.255000
791.477000
791.733000
791.910000
792.107000
792.263000
792.592000
792.745000
792.879000
793.067000
793.349000
793.549000
793.647000
793.963000
794.065000
794.300000
794.521000
794.725000
794.872000
795.081000
795.345000
795.533000
795.705000
795.942000
796.106000
796.270000
796.496000
796.741000
796.884000
797.112000
797.264000
797.452000
797.649000
797.916000
798.123000
798.301000
798.567000
798.670000
798.913000
799.141000
799.299000
799.555000
799.684000
799.928000
800.139000
800.283000
800.512000
800.652000
800.856000
801.072000
801.265000
801.513000
801.730000
801.833000
802.070000
802.266000
802.507000
802.645000
802.920000
803.123000
803.274000
803.510000
803.609000
803.862000
804.009000
804.215000
804.475000
804.676000
804.923000
805.114000
805.255000
805.517000
805.618000
805.866000
806.114000
806.263000
806.541000
806.651000
806.895000
807.114000
807.237000
807.454000
807.660000
807.922000
808.217000
808.306000
808.420000
808.686000
808.967000
809.151000
809.264000
809.439000
809.675000
809.994000
810.112000
810.318000
810.581000
810.737000
810.907000
811.026000
811.268000
811.514000
811.758000
811.858000
812.065000
812.252000
812.419000
812.651000
812.841000
813.058000
813.314000
813.595000
813.682000
813.872000
814.043000
814.275000
814.502000
814.761000
814.894000
815.119000
815.218000
815.499000
815.714000
815.901000
816.096000
816.274000
816.563000
816.746000
816.901000
817.088000
817.313000
817.481000
817.745000
817.975000
818.117000
818.329000
818.525000
818.731000
818.960000
819.031000
819.290000
819.481000
819.648000
819.955000
820.117000
820.287000
820.511000
820.702000
820.889000
821.133000
821.392000
821.679000
821.698000
821.849000
822.037000
822.326000
822.499000
822.698000
822.939000
823.231000
823.407000
823.440000
823.673000
823.978000
824.128000
824.325000
824.435000
824.727000
824.897000
825.091000
825.272000
825.499000
825.688000
825.859000
826.099000
826.411000
826.477000
826.667000
826.892000
827.138000
827.299000
827.532000
827.665000
827.957000
828.062000
828.327000
828.498000
828.786000
828.874000
829.040000
829.268000
829.549000
829.732000
829.867000
830.156000
830.352000
830.502000
830.712000
830.968000
831.091000
831.276000
831.534000
831.706000
831.902000
832.058000
832.324000
832.457000
832.706000
832.941000
833.125000
833.316000
833.442000
833.727000
833.852000
834.107000
834.315000
834.518000
834.700000
834.880000
835.080000
835.283000
835.597000
835.733000
835.845000
836.105000
836.314000
836.508000
836.713000
836.866000
837.122000
837.348000
837.492000
837.751000
837.852000
838.098000
838.287000
838.470000
838.735000
838.963000
839.111000
839.284000
839.521000
839.685000
839.914000
840.104000
840.311000
840.480000
840.737000
840.926000
841.122000
841.273000
841.438000
841.795000
841.961000
842.122000
842.368000
842.488000
842.680000
842.884000
843.036000
843.309000
843.480000
843.708000
843.890000
844.033000
844.219000
844.506000
844.661000
844.954000
845.109000
845.273000
845.528000
845.716000
845.919000
846.141000
846.327000
846.482000
846.687000
846.915000
847.129000
847.336000
847.494000
847.660000
847.859000
848.086000
848.292000
848.464000
848.752000
848.855000
849.027000
849.312000
849.441000
849.734000
849.933000
850.136000
850.268000
850.411000
850.702000
850.939000
851.113000
851.280000
851.460000
851.708000
851.965000
852.156000
852.284000
852.425000
852.660000
852.921000
853.105000
853.356000
853.467000
853.654000
853.925000
854.061000
854.275000
854.523000
854.694000
854.849000
855.112000
855.279000
855.501000
855.714000
855.923000
856.129000
856.275000
856.468000
856.715000
856.903000
857.058000
857.329000
857.531000
857.671000
857.899000
858.066000
858.330000
858.576000
858.708000
858.851000
859.123000
859.257000
859.557000
859.726000
859.907000
860.190000
860.349000
860.458000
860.738000
860.858000
861.080000
861.298000
861.457000
861.658000
861.877000
862.092000
862.297000
862.501000
862.698000
862.904000
863.081000
863.278000
863.479000
863.682000
863.834000
864.076000
864.329000
864.551000
864.713000
864.873000
864.983000
865.284000
865.596000
865.728000
865.890000
866.032000
866.234000
866.484000
866.724000
866.922000
867.068000
867.306000
867.571000
867.656000
867.953000
868.140000
868.367000
868.481000
868.725000
868.968000
869.041000
869.264000
869.517000
869.626000
869.886000
870.098000
870.298000
870.548000
870.681000
870.905000
871.119000
871.272000
871.465000
871.658000
871.932000
872.070000
872.212000
872.443000
872.874000
872.869000
873.079000
873.246000
873.473000
873.665000
873.841000
874.074000
874.303000
874.544000
874.682000
874.899000
875.044000
875.270000
875.464000
875.671000
875.923000
876.056000
876.310000
876.512000
876.617000
876.836000
877.056000
877.308000
877.480000
877.658000
877.904000
878.126000
878.214000
878.497000
878.670000
878.908000
879.139000
879.320000
879.543000
879.676000
879.844000
880.069000
880.380000
880.552000
880.663000
880.876000
881.136000
881.280000
881.485000
881.760000
881.929000
882.065000
882.374000
882.558000
882.708000
882.917000
883.114000
883.343000
883.527000
883.690000
883.952000
884.112000
884.350000
884.527000
884.732000
884.838000
885.145000
885.363000
885.559000
885.736000
885.878000
886.186000
886.334000
886.487000
886.707000
886.852000
887.121000
887.329000
887.626000
887.734000
887.798000
888.019000
888.416000
888.511000
888.698000
888.895000
889.064000
889.288000
889.504000
889.721000
889.877000
890.092000
890.317000
890.465000
890.706000
890.913000
891.078000
891.259000
891.476000
891.774000
892.006000
892.079000
892.305000
892.509000
892.701000
892.976000
893.075000
893.255000
893.542000
893.745000
893.874000
894.051000
894.283000
894.540000
894.734000
894.919000
895.099000
895.228000
895.498000
895.773000
895.963000
896.144000
896.353000
896.473000
896.704000
896.956000
897.145000
897.315000
897.528000
897.668000
897.902000
898.120000
898.290000
898.559000
898.646000
898.945000
899.148000
899.369000
899.448000
899.659000
899.992000
900.106000
900.322000
900.411000
900.685000
900.941000
901.169000
901.330000
901.511000
901.681000
901.847000
902.115000
902.306000
902.512000
902.618000
902.894000
903.081000
903.351000
903.525000
903.687000
903.913000
904.123000
904.286000
904.468000
904.690000
904.936000
905.087000
905.277000
905.564000
905.699000
905.938000
906.145000
906.325000
906.486000
906.697000
906.954000
907.089000
907.306000
907.529000
907.744000
907.931000
908.100000
908.317000
908.487000
908.659000
908.987000
909.109000
909.295000
909.425000
909.673000
909.881000
910.158000
910.314000
910.532000
910.692000
910.893000
911.133000
911.317000
911.512000
911.743000
911.901000
912.067000
912.305000
912.402000
912.706000
912.971000
913.103000
913.264000
913.521000
913.653000
913.845000
914.182000
914.253000
914.475000
914.689000
914.929000
915.120000
915.325000
915.552000
915.716000
915.972000
916.112000
916.243000
916.442000
916.721000
916.918000
917.025000
917.256000
917.539000
917.784000
917.893000
918.148000
918.259000
918.498000
918.706000
918.887000
919.052000
919.259000
919.534000
919.810000
919.876000
920.181000
920.365000
920.461000
920.650000
920.881000
921.100000
921.257000
921.485000
921.681000
921.912000
922.078000
922.243000
922.464000
922.655000
922.891000
923.152000
923.389000
923.490000
923.726000
923.921000
924.114000
924.246000
924.455000
924.732000
924.814000
925.094000
925.420000
925.526000
925.700000
925.884000
926.070000
926.287000
926.533000
926.676000
926.868000
927.092000
927.261000
927.512000
927.632000
927.864000
928.138000
928.274000
928.398000
928.741000
928.870000
929.080000
929.332000
929.517000
929.622000
929.919000
930.087000
930.261000
930.431000
930.632000
930.947000
931.096000
931.413000
931.467000
931.724000
931.942000
932.016000
932.290000
932.433000
932.739000
932.932000
933.153000
933.252000
933.440000
933.713000
933.952000
934.144000
934.317000
934.480000
934.664000
934.891000
935.127000
935.325000
935.508000
935.716000
935.836000
936.164000
936.422000
936.482000
936.716000
936.863000
937.132000
937.333000
937.445000
937.627000
937.914000
938.125000
938.276000
938.523000
938.701000
938.888000
939.104000
939.266000
939.504000
939.732000
939.969000
940.079000
940.269000
940.508000
940.784000
940.916000
941.157000
941.319000
941.451000
941.708000
941.904000
942.063000
942.306000
942.482000
942.664000
942.924000
943.103000
943.378000
943.544000
943.708000
943.873000
944.146000
944.318000
944.504000
944.778000
944.908000
945.072000
945.292000
945.568000
945.724000
945.904000
946.066000
946.302000
946.504000
946.672000
946.871000
947.128000
947.313000
947.491000
947.655000
947.868000
948.083000
948.313000
948.576000
948.663000
948.870000
949.110000
949.326000
949.514000
949.708000
950.044000
950.200000
950.279000
950.420000
950.709000
950.922000
951.137000
951.274000
951.610000
951.711000
951.903000
952.052000
952.292000
952.505000
952.738000
952.906000
953.117000
953.274000
953.511000
953.710000
953.878000
954.052000
954.247000
954.460000
954.721000
954.897000
955.152000
955.387000
955.453000
955.673000
955.888000
956.109000
956.312000
956.500000
956.682000
956.902000
957.159000
957.261000
957.529000
957.656000
957.855000
958.151000
958.278000
958.540000
958.696000
958.816000
959.042000
959.358000
959.485000
959.728000
959.923000
960.140000
960.247000
960.505000
960.784000
960.873000
961.056000
961.304000
961.478000
961.749000
961.862000
962.108000
962.276000
962.558000
962.704000
962.852000
963.133000
963.317000
963.512000
963.761000
963.871000
964.235000
964.360000
964.449000
964.645000
964.934000
965.085000
965.329000
965.451000
965.682000
965.894000
966.043000
966.250000
966.578000
966.734000
966.909000
967.097000
967.276000
967.442000
967.778000
967.839000
968.082000
968.349000
968.507000
968.605000
968.895000
969.093000
969.332000
969.449000
969.678000
969.863000
970.060000
970.283000
970.527000
970.784000
970.902000
971.100000
971.276000
971.541000
971.698000
971.872000
972.147000
972.284000
972.437000
972.706000
972.914000
973.089000
973.322000
973.456000
973.675000
973.919000
974.083000
974.242000
974.451000
974.721000
974.893000
975.051000
975.374000
975.460000
975.646000
975.947000
976.199000
976.275000
976.394000
976.640000
976.885000
977.154000
977.301000
977.517000
977.649000
977.841000
978.113000
978.276000
978.438000
978.682000
978.824000
979.146000
979.308000
979.470000
979.624000
979.870000
980.043000
980.237000
980.438000
980.693000
980.975000
981.127000
981.303000
981.501000
981.782000
981.876000
982.104000
982.272000
982.495000
982.704000
982.921000
983.103000
983.309000
983.480000
983.727000
983.889000
984.124000
984.296000
984.437000
984.671000
984.879000
985.155000
985.424000
985.483000
985.643000
985.930000
986.120000
986.386000
986.451000
986.683000
986.871000
987.104000
987.326000
987.578000
987.696000
987.831000
988.139000
988.289000
988.542000
988.772000
988.896000
989.157000
989.316000
989.495000
989.678000
989.937000
990.088000
990.280000
990.462000
990.709000
990.929000
991.190000
991.313000
991.468000
991.760000
992.030000
992.167000
992.275000
992.554000
992.716000
992.884000
993.117000
993.314000
993.583000
993.705000
993.884000
994.058000
994.313000
994.411000
994.648000
994.935000
995.125000
995.256000
995.519000
995.695000
995.873000
996.082000
996.240000
996.475000
996.735000
996.905000
997.099000
997.351000
997.528000
997.662000
997.923000
998.055000
998.302000
998.533000
998.776000
998.944000
999.127000
999.331000
999.526000
999.736000
999.904000
1000.150000
1000.290000
1000.550000
1000.730000
1001.030000
1001.080000
1001.380000
1001.530000
1001.680000
1001.970000
1002.150000
1002.310000
1002.480000
1002.760000
1002.880000
1003.110000
1003.280000
1003.430000
1003.740000
1003.920000
1004.040000
1004.360000
1004.540000
1004.650000
1004.920000
1005.140000
1005.340000
1005.500000
1005.690000
1005.870000
1006.170000
1006.310000
1006.480000
1006.670000
1006.910000
1007.100000
1007.240000
1007.510000
1007.720000
1007.870000
1008.150000
1008.270000
1008.560000
1008.690000
1008.940000
1009.050000
1009.300000
1009.440000
1009.740000
1009.970000
1010.080000
1010.280000
1010.500000
1010.720000
1010.870000
1011.090000
1011.320000
1011.490000
1011.710000
1011.890000
1012.120000
1012.270000
1012.440000
1012.680000
1012.870000
1013.090000
1013.300000
1013.530000
1013.760000
1013.920000
1014.150000
1014.240000
1014.470000
1014.690000
1014.940000
1015.150000
1015.320000
1015.520000
1015.690000
1015.890000
1016.120000
1016.280000
1016.480000
1016.690000
1016.950000
1017.150000
1017.240000
1017.480000
1017.720000
1017.960000
1018.080000
1018.310000
1018.520000
1018.690000
1018.910000
1019.150000
1019.410000
1019.500000
1019.600000
1019.850000
1020.170000
1020.310000
1020.460000
1020.690000
1020.920000
1021.100000
1021.310000
1021.520000
1021.700000
1021.890000
1022.080000
1022.320000
1022.550000
1022.680000
1022.920000
1023.100000
1023.280000
1023.450000
1023.690000
1023.850000
1024.080000
1024.340000
1024.490000
1024.700000
1024.850000
1025.130000
1025.320000
1025.470000
1025.710000
1025.950000
1026.140000
1026.350000
1026.430000
1026.700000
1026.940000
1027.050000
1027.320000
1027.550000
1027.680000
1027.950000
1028.100000
1028.280000
1028.530000
1028.790000
1028.870000
1029.120000
1029.270000
1029.480000
1029.700000
1029.940000
1030.150000
1030.310000
1030.490000
1030.650000
1030.940000
1031.100000
1031.310000
1031.550000
1031.680000
1031.850000
1032.130000
1032.320000
1032.480000
1032.630000
1032.960000
1033.150000
1033.250000
1033.490000
1033.700000
1033.850000
1034.100000
1034.340000
1034.490000
1034.660000
1034.930000
1035.090000
1035.310000
1035.580000
1035.690000
1035.920000
1036.060000
1036.190000
1036.530000
1036.670000
1036.930000
1037.190000
1037.330000
1037.510000
1037.680000
1037.840000
1038.170000
1038.370000
1038.570000
1038.640000
1038.890000
1039.080000
1039.260000
1039.510000
1039.660000
1040.000000
1040.110000
1040.340000
1040.560000
1040.680000
1040.900000
1041.060000
1041.250000
1041.520000
1041.690000
1041.960000
1042.130000
1042.280000
1042.380000
1042.650000
1042.910000
1043.090000
1043.320000
1043.500000
1043.670000
1043.820000
1044.040000
1044.340000
1044.540000
1044.660000
1044.840000
1045.110000
1045.340000
1045.490000
1045.670000
1045.900000
1046.090000
1046.330000
1046.500000
1046.680000
1046.910000
1047.060000
1047.390000
1047.560000
1047.660000
1047.840000
1048.030000
1048.260000
1048.570000
1048.740000
1048.910000
1049.090000
1049.350000
1049.570000
1049.730000
1049.920000
1050.080000
1050.300000
1050.540000
1050.790000
1050.900000
1051.100000
1051.300000
1051.540000
1051.680000
1051.920000
1052.060000
1052.290000
1052.550000
1052.650000
1052.940000
1053.120000
1053.300000
1053.510000
1053.710000
1053.870000
1054.070000
1054.310000
1054.490000
1054.680000
1054.880000
1055.070000
1055.370000
1055.500000
1055.700000
1055.880000
1056.030000
1056.340000
1056.490000
1056.740000
1056.900000
1057.110000
1057.300000
1057.530000
1057.670000
1057.890000
1058.100000
1058.290000
1058.490000
1058.660000
1058.910000
1059.080000
1059.330000
1059.500000
1059.640000
1059.870000
1060.130000
1060.280000
1060.510000
1060.660000
1060.820000
1061.110000
1061.320000
1061.610000
1061.650000
1061.830000
1062.090000
1062.310000
1062.570000
1062.710000
1062.930000
1063.090000
1063.280000
1063.470000
1063.720000
1063.900000
1064.030000
1064.360000
1064.510000
1064.690000
1064.870000
1065.180000
1065.320000
1065.470000
1065.640000
1065.950000
1066.110000
1066.310000
1066.450000
1066.750000
1066.930000
1067.120000
1067.350000
1067.480000
1067.630000
1067.900000
1068.100000
1068.270000
1068.470000
1068.660000
1068.850000
1069.110000
1069.290000
1069.540000
1069.680000
1069.940000
1070.090000
1070.250000
1070.560000
1070.670000
1070.910000
1071.050000
1071.270000
1071.500000
1071.700000
1071.830000
1072.080000
1072.300000
1072.510000
1072.700000
1072.920000
1073.050000
1073.220000
1073.590000
1073.760000
1073.850000
1074.070000
1074.290000
1074.500000
1074.720000
1075.000000
1075.130000
1075.270000
1075.480000
1075.750000
1075.910000
1076.090000
1076.250000
1076.410000
1076.660000
1076.920000
1077.130000
1077.290000
1077.480000
1077.680000
1077.860000
1078.110000
1078.340000
1078.520000
1078.620000
1078.870000
1079.090000
1079.370000
1079.510000
1079.600000
1079.900000
1080.040000
1080.310000
1080.480000
1080.670000
1080.850000
1081.120000
1081.350000
1081.550000
1081.630000
1081.820000
1082.150000
1082.410000
1082.490000
1082.670000
1082.840000
1083.140000
