547.913000
548.150000
548.415000
548.561000
548.806000
548.929000
549.167000
549.397000
549.530000
549.849000
549.910000
550.114000
550.427000
550.531000
550.748000
550.934000
551.155000
551.329000
551.453000
551.720000
551.911000
552.157000
552.350000
552.506000
552.749000
552.925000
553.151000
553.290000
553.512000
553.760000
553.892000
554.142000
554.369000
554.527000
554.777000
554.938000
555.190000
555.287000
555.582000
555.708000
555.928000
556.089000
556.289000
556.564000
556.628000
556.945000
557.107000
557.332000
557.541000
557.712000
557.863000
558.149000
558.370000
558.544000
558.733000
558.853000
559.070000
559.364000
559.546000
559.708000
559.913000
560.133000
560.344000
560.553000
560.795000
560.954000
561.150000
561.396000
561.615000
561.735000
561.959000
562.195000
562.324000
562.545000
562.795000
562.936000
563.106000
563.337000
563.542000
563.698000
563.939000
564.078000
564.309000
564.519000
564.786000
564.886000
565.051000
565.264000
565.562000
565.750000
565.949000
566.101000
566.314000
566.476000
566.775000
566.992000
567.159000
567.294000
567.569000
567.735000
567.946000
568.192000
568.384000
568.474000
568.746000
568.891000
569.178000
569.347000
569.606000
569.773000
569.876000
570.138000
570.326000
570.492000
570.680000
570.919000
571.170000
571.335000
571.368000
571.747000
571.883000
572.132000
572.346000
572.550000
572.697000
572.987000
573.210000
573.344000
573.566000
573.779000
573.937000
574.174000
574.267000
574.506000
574.766000
574.947000
575.239000
575.422000
575.508000
575.712000
575.905000
576.175000
576.296000
576.477000
576.699000
576.970000
577.192000
577.278000
577.503000
577.762000
577.978000
578.152000
578.292000
578.574000
578.728000
578.877000
579.101000
579.402000
579.537000
579.764000
579.903000
580.185000
580.331000
580.578000
580.690000
580.952000
581.030000
581.362000
581.459000
581.674000
581.941000
582.178000
582.423000
582.561000
582.756000
583.018000
583.153000
583.346000
583.513000
583.743000
583.979000
584.201000
584.312000
584.489000
584.779000
584.947000
585.187000
585.365000
585.559000
585.801000
585.873000
586.117000
586.400000
586.573000
586.717000
586.867000
587.141000
587.371000
587.567000
587.757000
587.954000
588.118000
588.295000
588.480000
588.726000
588.928000
589.107000
589.276000
589.559000
589.741000
590.007000
590.188000
590.316000
590.524000
590.652000
590.879000
591.079000
591.410000
591.541000
591.744000
591.891000
592.176000
592.360000
592.525000
592.773000
592.918000
593.182000
593.290000
593.558000
593.786000
593.883000
594.092000
594.361000
594.513000
594.732000
594.961000
595.120000
595.291000
595.538000
595.693000
595.884000
596.116000
596.295000
596.519000
596.774000
596.901000
597.155000
597.321000
597.567000
597.791000
597.984000
598.169000
598.375000
598.551000
598.708000
598.870000
599.101000
599.290000
599.617000
599.807000
599.935000
600.202000
600.285000
600.608000
600.672000
600.865000
601.158000
601.329000
601.573000
601.797000
601.944000
602.138000
602.307000
602.565000
602.752000
602.919000
603.142000
603.403000
603.532000
603.747000
603.956000
604.140000
604.303000
604.566000
604.615000
604.872000
605.201000
605.344000
605.576000
605.738000
605.828000
606.173000
606.395000
606.516000
606.725000
606.932000
607.169000
607.332000
607.431000
607.723000
607.974000
608.194000
608.371000
608.532000
608.698000
608.936000
609.223000
609.340000
609.525000
609.708000
609.964000
610.101000
610.270000
610.605000
610.762000
610.914000
611.214000
611.352000
611.557000
611.730000
611.930000
612.070000
612.305000
612.545000
612.749000
612.942000
613.016000
613.280000
613.498000
613.733000
613.926000
614.159000
614.375000
614.471000
614.735000
614.905000
615.137000
615.344000
615.555000
615.734000
615.881000
616.031000
616.495000
616.542000
616.752000
616.925000
616.957000
617.337000
617.593000
617.636000
617.881000
618.106000
618.291000
618.533000
618.693000
618.895000
619.108000
619.326000
619.622000
619.856000
619.969000
620.106000
620.369000
620.478000
620.755000
620.880000
621.145000
621.295000
621.565000
621.672000
621.968000
622.189000
622.388000
622.623000
622.731000
622.924000
623.087000
623.278000
623.551000
623.746000
623.885000
624.143000
624.330000
624.463000
624.820000
625.035000
625.172000
625.301000
625.557000
625.738000
625.951000
626.144000
626.316000
626.477000
626.723000
626.917000
627.118000
627.233000
627.494000
627.662000
627.957000
628.135000
628.376000
628.566000
628.763000
628.991000
629.170000
629.367000
629.546000
629.758000
629.983000
630.125000
630.380000
630.614000
630.788000
630.893000
631.063000
631.259000
631.548000
631.810000
631.896000
632.098000
632.320000
632.572000
632.744000
632.973000
633.102000
633.350000
633.608000
633.792000
633.997000
634.148000
634.298000
634.484000
634.767000
634.994000
635.128000
635.304000
635.509000
635.709000
635.934000
636.144000
636.320000
636.580000
636.732000
636.933000
637.086000
637.416000
637.561000
637.775000
637.941000
638.138000
638.262000
638.499000
638.769000
638.855000
639.166000
639.378000
639.553000
639.740000
639.871000
640.103000
640.361000
640.525000
640.685000
640.889000
641.090000
641.348000
641.521000
641.757000
641.923000
642.213000
642.359000
642.506000
642.730000
642.914000
643.144000
643.343000
643.486000
643.742000
643.870000
644.131000
644.363000
644.586000
644.730000
644.970000
645.180000
645.357000
645.494000
645.724000
645.899000
646.075000
646.341000
646.514000
646.735000
646.913000
647.139000
647.242000
647.530000
647.761000
647.981000
648.156000
648.325000
648.581000
648.735000
648.964000
649.144000
649.233000
649.548000
649.771000
649.984000
650.059000
650.340000
650.515000
650.813000
650.938000
651.207000
651.257000
651.526000
651.735000
651.939000
652.161000
652.378000
652.563000
652.716000
652.966000
653.196000
653.296000
653.596000
653.687000
653.912000
654.095000
654.266000
654.537000
654.724000
654.945000
655.120000
655.314000
655.533000
655.726000
655.911000
656.178000
656.357000
656.508000
656.769000
656.958000
657.112000
657.354000
657.474000
657.755000
657.947000
658.180000
658.342000
658.542000
658.720000
658.872000
659.118000
659.314000
659.626000
659.793000
659.921000
660.103000
660.349000
660.553000
660.756000
660.842000
661.102000
661.418000
661.653000
661.758000
662.027000
662.129000
662.218000
662.571000
662.785000
662.889000
663.144000
663.403000
663.539000
663.646000
663.918000
664.081000
664.283000
664.463000
664.744000
664.985000
665.194000
665.260000
665.538000
665.728000
665.888000
666.142000
666.314000
666.535000
666.671000
666.927000
667.155000
667.376000
667.457000
667.667000
668.035000
668.192000
668.293000
668.522000
668.694000
668.913000
669.113000
669.374000
669.598000
669.745000
669.987000
670.171000
670.280000
670.521000
670.794000
670.971000
671.078000
671.253000
671.504000
671.732000
671.939000
672.144000
672.312000
672.521000
672.682000
672.968000
673.107000
673.325000
673.577000
673.676000
673.972000
674.193000
674.370000
674.536000
674.639000
674.929000
675.146000
675.373000
675.502000
675.764000
675.951000
676.180000
676.265000
676.550000
676.735000
676.982000
677.130000
677.322000
677.578000
677.789000
677.899000
678.171000
678.333000
678.547000
678.666000
678.920000
679.093000
679.324000
679.537000
679.794000
679.989000
680.099000
680.333000
680.522000
680.784000
680.978000
681.199000
681.313000
681.516000
681.609000
681.948000
682.032000
682.306000
682.558000
682.719000
682.973000
683.184000
683.263000
683.431000
683.682000
683.904000
684.199000
684.322000
684.502000
684.750000
684.918000
685.148000
685.349000
685.496000
685.747000
685.943000
686.161000
686.370000
686.520000
686.807000
686.938000
687.125000
687.350000
687.585000
687.729000
687.965000
688.120000
688.329000
688.558000
688.794000
688.982000
689.087000
689.357000
689.456000
689.754000
689.945000
690.134000
690.358000
690.565000
690.722000
690.866000
691.139000
691.353000
691.422000
691.762000
691.944000
692.165000
692.330000
692.592000
692.718000
692.975000
693.080000
693.258000
693.614000
693.767000
693.938000
694.131000
694.396000
694.486000
694.731000
694.983000
695.141000
695.402000
695.570000
695.769000
695.944000
696.111000
696.272000
696.591000
696.776000
697.036000
697.132000
697.314000
697.554000
697.702000
697.910000
698.189000
698.349000
698.523000
698.729000
698.945000
699.158000
699.371000
699.507000
699.755000
699.865000
700.179000
700.411000
700.460000
700.668000
700.896000
701.167000
701.399000
701.604000
701.800000
702.003000
702.117000
702.362000
702.557000
702.731000
702.999000
703.098000
703.380000
703.587000
703.660000
703.909000
704.100000
704.349000
704.509000
704.689000
704.917000
705.218000
705.263000
705.575000
705.729000
705.851000
706.225000
706.350000
706.536000
706.777000
706.986000
707.149000
707.361000
707.559000
707.769000
708.034000
708.107000
708.335000
708.493000
708.719000
708.961000
709.133000
709.375000
709.590000
709.719000
709.957000
710.117000
710.306000
710.546000
710.679000
710.929000
711.164000
711.261000
711.505000
711.787000
711.893000
712.108000
712.420000
712.530000
712.781000
712.990000
713.155000
713.338000
713.598000
713.780000
713.891000
714.138000
714.375000
714.542000
714.758000
714.872000
715.164000
715.389000
715.586000
715.728000
715.949000
716.222000
716.351000
716.573000
716.687000
716.907000
717.191000
717.372000
717.608000
717.746000
717.917000
718.196000
718.330000
718.586000
718.745000
718.903000
719.190000
719.374000
719.472000
719.687000
719.866000
720.117000
720.417000
720.538000
720.750000
720.997000
721.076000
721.267000
721.518000
721.733000
721.938000
722.173000
722.391000
722.544000
722.774000
723.002000
723.095000
723.371000
723.481000
723.704000
723.879000
724.151000
724.350000
724.621000
724.696000
724.916000
725.202000
725.346000
725.537000
725.696000
725.881000
726.163000
726.360000
726.581000
726.735000
726.896000
727.160000
727.454000
727.520000
727.659000
727.926000
728.113000
728.369000
728.484000
728.687000
728.939000
729.135000
729.364000
729.519000
729.731000
729.996000
730.178000
730.354000
730.564000
730.754000
730.941000
731.171000
731.382000
731.514000
731.702000
731.957000
732.178000
732.324000
732.575000
732.732000
732.989000
733.104000
733.326000
733.561000
733.773000
733.925000
734.162000
734.401000
734.561000
734.730000
734.943000
735.122000
735.368000
735.540000
735.767000
735.910000
736.153000
736.317000
736.419000
736.707000
736.946000
737.126000
737.329000
737.549000
737.679000
737.886000
738.001000
738.290000
738.601000
738.725000
738.919000
739.147000
739.256000
739.572000
739.585000
740.008000
740.159000
740.403000
740.549000
740.712000
740.915000
741.162000
741.315000
741.595000
741.840000
741.952000
742.186000
742.265000
742.478000
742.760000
742.959000
743.166000
743.322000
743.468000
743.721000
743.897000
744.200000
744.357000
744.638000
744.792000
744.950000
745.124000
745.342000
745.548000
745.762000
746.046000
746.163000
746.388000
746.493000
746.786000
746.897000
747.068000
747.280000
747.507000
747.782000
747.964000
748.129000
748.375000
748.564000
748.724000
748.926000
749.107000
749.352000
749.482000
749.749000
749.921000
750.119000
750.346000
750.492000
750.757000
750.873000
751.190000
751.373000
751.503000
751.802000
751.984000
752.149000
752.300000
752.437000
752.774000
753.035000
753.100000
753.248000
753.500000
753.789000
753.900000
754.119000
754.232000
754.443000
754.780000
755.038000
755.167000
755.291000
755.524000
755.745000
755.940000
756.124000
756.318000
756.571000
756.765000
756.937000
757.065000
757.302000
757.545000
757.755000
757.942000
758.083000
758.286000
758.461000
758.757000
758.935000
759.128000
759.287000
759.518000
759.727000
760.004000
760.142000
760.298000
760.393000
760.711000
760.921000
761.200000
761.323000
761.485000
761.705000
761.934000
762.138000
762.410000
762.532000
762.762000
762.961000
763.149000
763.386000
763.561000
763.798000
763.967000
764.130000
764.306000
764.584000
764.706000
764.955000
765.192000
765.266000
765.594000
765.736000
765.929000
766.226000
766.335000
766.474000
766.740000
766.931000
767.111000
767.265000
767.469000
767.783000
767.982000
768.217000
768.292000
768.521000
768.775000
768.930000
769.176000
769.343000
769.577000
769.738000
769.860000
770.137000
770.376000
770.520000
770.702000
770.912000
771.111000
771.366000
771.590000
771.764000
771.831000
772.036000
772.240000
772.500000
772.757000
772.922000
773.134000
773.332000
773.605000
773.756000
773.980000
774.075000
774.358000
774.552000
774.779000
774.909000
775.109000
775.341000
775.566000
775.722000
775.922000
776.206000
776.352000
776.537000
776.699000
776.942000
777.137000
777.384000
777.427000
777.762000
777.971000
778.186000
778.370000
778.468000
778.794000
778.986000
779.195000
779.281000
779.455000
779.704000
779.933000
780.099000
780.330000
780.492000
780.705000
781.008000
781.225000
781.366000
781.514000
781.708000
781.908000
782.102000
782.228000
782.604000
782.725000
782.986000
783.107000
783.321000
783.524000
783.751000
783.961000
784.174000
784.424000
784.558000
784.647000
784.825000
785.163000
785.309000
785.524000
785.687000
785.840000
786.082000
786.332000
786.519000
786.786000
787.010000
787.052000
787.353000
787.519000
787.570000
787.956000
788.069000
788.340000
788.589000
788.776000
788.921000
789.077000
789.375000
789.460000
789.820000
789.988000
790.157000
790.283000
790.539000
790.695000
790.957000
791.156000
791.327000
791.584000
791.708000
791.999000
792.181000
792.296000
792.502000
792.725000
792.966000
793.059000
793.267000
793.620000
793.654000
793.878000
794.122000
794.399000
794.517000
794.780000
794.896000
795.191000
795.361000
795.564000
795.749000
795.955000
796.142000
796.349000
796.507000
796.670000
796.886000
797.066000
797.211000
797.455000
797.737000
798.049000
798.216000
798.272000
798.511000
798.771000
798.976000
799.228000
799.376000
799.485000
799.730000
799.913000
800.117000
800.328000
800.466000
800.751000
800.994000
801.177000
801.327000
801.497000
801.705000
801.794000
802.130000
802.356000
802.554000
802.756000
802.952000
803.182000
803.378000
803.645000
803.702000
803.916000
804.122000
804.291000
804.537000
804.778000
804.884000
805.154000
805.287000
805.511000
805.775000
805.943000
806.142000
806.328000
806.460000
806.748000
806.990000
807.115000
807.329000
807.548000
807.772000
807.977000
808.158000
808.290000
808.524000
808.755000
808.945000
809.111000
809.242000
809.533000
809.798000
810.025000
810.176000
810.310000
810.422000
810.773000
810.993000
811.140000
811.379000
811.497000
811.768000
811.902000
812.193000
812.306000
812.577000
812.712000
812.900000
813.207000
813.297000
813.553000
813.749000
813.933000
814.023000
814.329000
814.557000
814.739000
814.899000
815.120000
815.370000
815.595000
815.726000
815.901000
816.186000
816.346000
816.554000
816.733000
816.951000
817.177000
817.375000
817.539000
817.701000
817.947000
818.095000
818.349000
818.530000
818.708000
819.016000
819.154000
819.330000
819.487000
819.722000
820.006000
820.085000
820.345000
820.516000
820.689000
820.939000
821.137000
821.308000
821.523000
821.828000
821.915000
822.124000
822.320000
822.606000
822.756000
822.867000
823.154000
823.336000
823.584000
823.728000
823.965000
824.119000
824.350000
824.568000
824.796000
824.919000
825.155000
825.414000
825.535000
825.766000
825.921000
826.089000
826.342000
826.601000
826.733000
826.879000
827.132000
827.413000
827.575000
827.686000
827.916000
828.064000
828.296000
828.619000
828.747000
828.940000
829.149000
829.414000
829.542000
829.768000
829.904000
830.033000
830.376000
830.508000
830.793000
830.819000
831.033000
831.357000
831.453000
831.856000
831.913000
832.043000
832.305000
832.523000
832.756000
832.957000
833.139000
833.376000
833.551000
833.725000
833.960000
834.054000
834.351000
834.607000
834.730000
834.921000
835.155000
835.334000
835.451000
835.764000
835.941000
836.111000
836.294000
836.454000
836.825000
836.899000
837.165000
837.344000
837.471000
837.714000
837.909000
838.082000
838.340000
838.494000
838.823000
838.954000
839.108000
839.356000
839.499000
839.715000
840.006000
840.051000
840.309000
840.522000
840.742000
840.901000
841.207000
841.353000
841.502000
841.742000
841.883000
842.167000
842.370000
842.580000
842.705000
842.840000
843.165000
843.453000
843.608000
843.730000
843.906000
844.128000
844.379000
844.517000
844.736000
844.924000
845.140000
845.298000
845.512000
845.770000
845.942000
846.171000
846.321000
846.497000
846.739000
846.915000
847.169000
847.417000
847.540000
847.668000
847.968000
848.194000
848.444000
848.500000
848.691000
848.916000
849.139000
849.309000
849.507000
849.712000
849.924000
850.220000
850.298000
850.599000
850.840000
850.931000
851.148000
851.361000
851.580000
851.673000
851.966000
852.152000
852.368000
852.613000
852.713000
852.900000
853.211000
853.409000
853.466000
853.659000
853.917000
854.112000
854.399000
854.483000
854.731000
854.919000
855.164000
855.358000
855.543000
855.713000
855.936000
856.090000
856.258000
856.536000
856.683000
856.954000
857.132000
857.377000
857.559000
857.723000
857.900000
858.219000
858.425000
858.571000
858.622000
858.926000
859.139000
859.254000
859.570000
859.746000
859.860000
860.164000
860.281000
860.592000
860.747000
860.969000
861.072000
861.378000
861.507000
861.817000
861.992000
862.135000
862.213000
862.565000
862.826000
862.948000
862.987000
863.335000
863.490000
863.689000
863.851000
864.153000
864.274000
864.539000
864.780000
864.915000
865.161000
865.342000
865.526000
865.661000
865.878000
866.099000
866.292000
866.490000
866.683000
867.000000
867.182000
867.309000
867.475000
867.688000
867.979000
868.114000
868.347000
868.538000
868.778000
869.031000
869.142000
869.377000
869.504000
869.738000
869.927000
870.190000
870.426000
870.565000
870.777000
870.956000
871.152000
871.333000
871.466000
871.765000
871.992000
872.153000
872.390000
872.557000
872.752000
872.994000
873.097000
873.357000
873.460000
873.719000
873.917000
874.198000
874.341000
874.513000
874.809000
875.002000
875.233000
875.306000
875.550000
875.749000
875.947000
876.139000
876.361000
876.509000
876.755000
876.976000
877.050000
877.299000
877.506000
877.759000
877.993000
878.133000
878.309000
878.567000
878.790000
878.973000
879.167000
879.271000
879.529000
879.800000
879.963000
880.128000
880.373000
880.452000
880.772000
880.905000
881.056000
881.288000
881.476000
881.696000
881.975000
882.150000
882.337000
882.593000
882.644000
882.931000
883.046000
883.410000
883.564000
883.731000
883.915000
884.133000
884.342000
884.628000
884.808000
884.992000
885.088000
885.370000
885.485000
885.751000
885.894000
886.122000
886.307000
886.517000
886.775000
886.960000
887.057000
887.337000
887.601000
887.782000
887.880000
888.118000
888.284000
888.528000
888.804000
888.936000
889.138000
889.338000
889.425000
889.710000
889.959000
890.175000
890.352000
890.551000
890.649000
890.925000
891.107000
891.291000
891.514000
891.695000
891.963000
892.098000
892.301000
892.597000
892.694000
892.882000
893.071000
893.312000
893.450000
893.705000
893.979000
894.219000
894.393000
894.533000
894.723000
894.924000
895.177000
895.245000
895.486000
895.682000
895.990000
896.189000
896.305000
896.492000
896.720000
896.909000
897.193000
897.354000
897.586000
897.641000
897.854000
898.105000
898.242000
898.512000
898.787000
898.884000
899.045000
899.345000
899.587000
899.683000
899.896000
900.064000
900.248000
900.589000
900.779000
900.937000
901.081000
901.259000
901.563000
901.690000
901.897000
902.131000
902.391000
902.514000
902.726000
902.900000
903.055000
903.384000
903.648000
903.816000
903.878000
904.134000
904.291000
904.615000
904.820000
904.898000
905.016000
905.374000
905.585000
905.688000
905.933000
906.083000
906.336000
906.559000
906.754000
906.945000
907.137000
907.350000
907.466000
907.709000
907.918000
908.110000
908.272000
908.526000
908.740000
908.967000
909.134000
909.362000
909.593000
909.734000
909.975000
910.106000
910.267000
910.452000
910.727000
910.932000
911.104000
911.268000
911.534000
911.826000
912.001000
912.101000
912.250000
912.578000
912.724000
912.903000
913.141000
913.395000
913.476000
913.743000
913.899000
914.065000
914.400000
914.521000
914.673000
914.955000
915.138000
915.299000
915.541000
915.748000
915.949000
916.124000
916.343000
916.567000
916.651000
916.964000
917.176000
917.361000
917.526000
917.655000
917.942000
918.157000
918.372000
918.571000
918.773000
918.885000
919.166000
919.293000
919.468000
919.666000
920.020000
920.142000
920.345000
920.610000
920.657000
920.840000
921.205000
921.401000
921.562000
921.600000
921.889000
922.163000
922.262000
922.651000
922.807000
922.893000
923.126000
923.310000
923.496000
923.754000
923.968000
924.170000
924.274000
924.524000
924.646000
924.895000
925.147000
925.327000
925.532000
925.673000
925.872000
926.172000
926.427000
926.543000
926.789000
926.859000
927.150000
927.314000
927.470000
927.764000
927.968000
928.175000
928.317000
928.541000
928.848000
929.002000
929.139000
929.321000
929.515000
929.731000
929.933000
930.090000
930.355000
930.570000
930.785000
931.014000
931.149000
931.365000
931.544000
931.611000
931.914000
932.111000
932.339000
932.495000
932.653000
932.936000
933.184000
933.375000
933.567000
933.710000
933.923000
934.102000
934.443000
934.581000
934.801000
934.919000
935.102000
935.269000
935.524000
935.713000
935.920000
935.996000
936.394000
936.573000
936.783000
936.932000
937.170000
937.306000
937.491000
937.729000
937.933000
938.154000
938.355000
938.602000
938.745000
939.022000
939.168000
939.343000
939.449000
939.730000
939.822000
940.047000
940.398000
940.561000
940.730000
940.917000
941.176000
941.353000
941.554000
941.703000
941.976000
942.127000
942.293000
942.578000
942.721000
942.929000
943.153000
943.372000
943.562000
943.735000
943.937000
944.105000
944.319000
944.548000
944.713000
944.903000
945.156000
945.376000
945.503000
945.723000
945.940000
946.055000
946.400000
946.545000
946.714000
946.913000
947.094000
947.367000
947.533000
947.755000
947.968000
948.119000
948.404000
948.546000
948.733000
948.919000
949.117000
949.323000
949.564000
949.773000
949.963000
950.111000
950.325000
950.510000
950.656000
950.923000
951.201000
951.319000
951.576000
951.784000
951.964000
952.081000
952.311000
952.489000
952.761000
952.953000
953.119000
953.293000
953.566000
953.766000
953.932000
954.211000
954.347000
954.493000
954.724000
954.980000
955.156000
955.336000
955.550000
955.744000
955.876000
956.170000
956.442000
956.556000
956.750000
956.964000
957.120000
957.359000
957.550000
957.752000
957.999000
958.152000
958.363000
958.495000
958.749000
958.946000
959.152000
959.370000
959.560000
959.717000
959.984000
960.156000
960.318000
960.561000
960.739000
960.968000
961.157000
961.412000
961.510000
961.718000
962.039000
962.222000
962.278000
962.512000
962.783000
962.971000
963.209000
963.355000
963.534000
963.652000
964.004000
964.128000
964.329000
964.547000
964.676000
964.968000
965.173000
965.301000
965.506000
965.735000
965.853000
966.094000
966.379000
966.569000
966.785000
966.914000
967.087000
967.318000
967.592000
967.652000
967.916000
968.115000
968.340000
968.509000
968.768000
968.952000
969.191000
969.341000
969.521000
969.693000
969.944000
970.201000
970.389000
970.465000
970.749000
970.955000
971.219000
971.420000
971.515000
971.691000
971.885000
972.152000
972.403000
972.589000
972.728000
972.936000
973.162000
973.269000
973.507000
973.733000
973.959000
974.089000
974.389000
974.577000
974.666000
974.929000
975.089000
975.360000
975.541000
975.615000
975.945000
976.116000
976.294000
976.576000
976.810000
976.964000
977.071000
977.373000
977.609000
977.728000
977.992000
978.161000
978.361000
978.595000
978.701000
978.909000
979.158000
979.370000
979.552000
979.784000
979.874000
980.122000
980.331000
980.583000
980.757000
980.939000
981.177000
981.280000
981.466000
981.742000
982.014000
982.177000
982.292000
982.519000
982.664000
982.958000
983.224000
983.331000
983.520000
983.659000
984.025000
984.182000
984.286000
984.480000
984.752000
984.976000
985.157000
985.291000
985.430000
985.831000
985.914000
986.181000
986.344000
986.526000
986.751000
986.895000
987.112000
987.337000
987.563000
987.653000
987.905000
988.103000
988.398000
988.553000
988.850000
988.985000
989.175000
989.344000
989.555000
989.746000
989.965000
990.096000
990.301000
990.511000
990.701000
990.973000
991.031000
991.340000
991.478000
991.751000
991.951000
992.082000
992.341000
992.549000
992.646000
992.950000
993.019000
993.243000
993.553000
993.744000
993.977000
994.148000
994.338000
994.493000
994.700000
994.979000
995.188000
995.320000
995.530000
995.735000
996.009000
996.078000
996.349000
996.550000
996.756000
996.981000
997.108000
997.275000
997.565000
997.695000
997.958000
998.111000
998.269000
998.602000
998.713000
998.971000
999.184000
999.398000
999.553000
999.745000
999.944000
1000.070000
1000.390000
1000.530000
1000.750000
1000.950000
1001.080000
1001.240000
1001.490000
1001.810000
1001.990000
1002.190000
1002.290000
1002.560000
1002.790000
1002.900000
1003.090000
1003.330000
1003.550000
1003.790000
1003.880000
1004.130000
1004.350000
1004.520000
1004.720000
1004.890000
1005.110000
1005.270000
1005.590000
1005.750000
1005.810000
1006.090000
1006.350000
1006.510000
1006.780000
1006.830000
1007.160000
1007.230000
1007.560000
1007.680000
1007.950000
1008.140000
1008.290000
1008.530000
1008.690000
1008.870000
1009.130000
1009.410000
1009.550000
1009.770000
1009.890000
1010.130000
1010.260000
1010.460000
1010.740000
1010.940000
1011.090000
1011.370000
1011.550000
1011.720000
1011.920000
1012.090000
1012.330000
1012.510000
1012.650000
1012.890000
1013.200000
1013.220000
1013.640000
1013.770000
1013.960000
1014.050000
1014.310000
1014.500000
1014.850000
1014.930000
1015.130000
1015.350000
1015.540000
1015.680000
1015.860000
1016.240000
1016.380000
1016.430000
1016.700000
1016.930000
1017.070000
1017.330000
1017.590000
1017.660000
1017.860000
1018.130000
1018.360000
1018.590000
1018.690000
1018.980000
1019.050000
1019.390000
1019.510000
1019.700000
1019.890000
1020.190000
1020.390000
1020.480000
1020.740000
1020.970000
1021.110000
1021.290000
1021.560000
1021.810000
1021.980000
1022.120000
1022.350000
1022.550000
1022.740000
1022.940000
1023.140000
1023.360000
1023.510000
1023.680000
1023.870000
1024.110000
1024.340000
1024.590000
1024.750000
1024.920000
1025.120000
1025.360000
1025.550000
1025.710000
1025.930000
1026.030000
1026.370000
1026.630000
1026.830000
1026.940000
1027.080000
1027.390000
1027.510000
1027.710000
1028.020000
1028.130000
1028.310000
1028.460000
1028.780000
1029.000000
1029.220000
1029.370000
1029.540000
1029.690000
1029.940000
1030.190000
1030.300000
1030.610000
1030.780000
1030.800000
1031.120000
1031.310000
1031.530000
1031.730000
1031.900000
1032.120000
1032.360000
1032.530000
1032.730000
1032.840000
1033.170000
1033.380000
1033.560000
1033.770000
1034.000000
1034.080000
1034.340000
1034.460000
1034.810000
1034.940000
1035.110000
1035.360000
1035.480000
1035.760000
1035.920000
1036.110000
1036.380000
1036.580000
1036.720000
1036.910000
1037.130000
1037.410000
1037.640000
1037.830000
1037.940000
1038.060000
1038.300000
1038.500000
1038.770000
1038.910000
1039.120000
1039.340000
1039.540000
1039.730000
1039.910000
1040.200000
1040.370000
1040.460000
1040.730000
1040.890000
1041.090000
1041.320000
1041.560000
1041.750000
1041.960000
1042.130000
1042.350000
1042.520000
1042.800000
1043.030000
1043.090000
1043.330000
1043.570000
1043.680000
1043.890000
1044.140000
1044.290000
1044.560000
1044.660000
1044.970000
1045.100000
1045.290000
1045.560000
1045.770000
1045.860000
1046.100000
1046.330000
1046.560000
1046.820000
1046.970000
1047.070000
1047.350000
1047.530000
1047.670000
1047.850000
