583.035000
583.206000
583.451000
583.601000
583.836000
584.055000
584.233000
584.472000
584.602000
584.767000
585.033000
585.286000
585.404000
585.735000
585.816000
585.974000
586.207000
586.439000
586.687000
586.905000
587.189000
587.273000
587.414000
587.623000
587.839000
588.064000
588.247000
588.448000
588.629000
588.893000
588.986000
589.177000
589.489000
589.651000
589.853000
590.002000
590.242000
590.365000
590.610000
590.833000
591.060000
591.199000
591.409000
591.603000
591.874000
592.042000
592.272000
592.395000
592.625000
592.878000
593.011000
593.200000
593.443000
593.669000
593.867000
593.991000
594.233000
594.450000
594.680000
594.846000
594.960000
595.192000
595.478000
595.671000
595.851000
596.014000
596.168000
596.480000
596.676000
596.883000
597.017000
597.177000
597.477000
597.696000
597.868000
598.019000
598.248000
598.419000
598.632000
598.814000
599.051000
599.261000
599.362000
599.634000
599.883000
600.024000
600.219000
600.452000
600.696000
600.861000
601.003000
601.223000
601.405000
601.625000
601.930000
602.064000
602.272000
602.379000
602.577000
602.990000
603.140000
603.196000
603.452000
603.595000
603.852000
604.078000
604.224000
604.390000
604.642000
604.874000
605.077000
605.274000
605.363000
605.557000
605.751000
606.058000
606.232000
606.471000
606.580000
606.778000
607.062000
607.227000
607.367000
607.697000
607.783000
608.124000
608.217000
608.461000
608.571000
608.869000
609.090000
609.222000
609.438000
609.632000
609.875000
609.969000
610.308000
610.504000
610.696000
610.808000
611.029000
611.279000
611.447000
611.739000
611.820000
612.052000
612.209000
612.403000
612.641000
612.826000
613.031000
613.343000
613.461000
613.667000
613.865000
614.003000
614.251000
614.448000
614.654000
614.820000
615.033000
615.217000
615.421000
615.672000
615.969000
616.091000
616.215000
616.426000
616.623000
616.830000
617.025000
617.231000
617.478000
617.612000
617.784000
618.026000
618.178000
618.482000
618.615000
618.863000
619.050000
619.284000
619.448000
619.651000
619.853000
620.013000
620.200000
620.412000
620.661000
620.824000
621.043000
621.204000
621.408000
621.704000
621.851000
622.107000
622.245000
622.384000
622.656000
622.873000
623.052000
623.364000
623.475000
623.654000
623.846000
624.081000
624.254000
624.449000
624.737000
624.765000
624.993000
625.251000
625.515000
625.602000
625.835000
626.012000
626.223000
626.597000
626.641000
626.826000
626.996000
627.248000
627.499000
627.668000
627.803000
627.958000
628.234000
628.431000
628.682000
628.913000
629.054000
629.199000
629.449000
629.611000
629.932000
630.052000
630.218000
630.419000
630.601000
630.803000
631.042000
631.207000
631.364000
631.639000
631.870000
632.033000
632.309000
632.509000
632.645000
632.806000
633.003000
633.271000
633.388000
633.681000
633.826000
633.987000
634.238000
634.445000
634.711000
634.915000
635.016000
635.213000
635.443000
635.619000
635.880000
636.045000
636.235000
636.480000
636.627000
636.901000
637.046000
637.235000
637.429000
637.591000
637.791000
638.058000
638.209000
638.464000
638.596000
638.794000
639.066000
639.274000
639.496000
639.597000
639.839000
640.039000
640.277000
640.486000
640.625000
640.855000
641.010000
641.214000
641.418000
641.581000
641.904000
642.035000
642.271000
642.458000
642.635000
642.861000
643.016000
643.247000
643.488000
643.619000
643.849000
644.011000
644.179000
644.477000
644.630000
644.827000
644.986000
645.246000
645.431000
645.680000
645.833000
645.982000
646.301000
646.509000
646.624000
646.835000
647.039000
647.302000
647.484000
647.635000
647.821000
648.004000
648.246000
648.478000
648.615000
648.834000
649.057000
649.280000
649.452000
649.666000
649.880000
649.993000
650.339000
650.523000
650.635000
650.882000
651.001000
651.212000
651.469000
651.649000
651.853000
652.083000
652.254000
652.446000
652.720000
652.869000
653.062000
653.214000
653.389000
653.627000
653.887000
653.997000
654.294000
654.496000
654.610000
654.908000
655.065000
655.260000
655.412000
655.696000
655.844000
655.997000
656.232000
656.451000
656.693000
656.888000
657.058000
657.241000
657.464000
657.625000
657.839000
658.028000
658.212000
658.450000
658.641000
658.892000
659.057000
659.265000
659.521000
659.653000
659.899000
660.086000
660.259000
660.387000
660.602000
660.763000
661.053000
661.278000
661.435000
661.624000
661.866000
662.045000
662.395000
662.398000
662.623000
662.896000
663.131000
663.273000
663.472000
663.626000
663.799000
663.975000
664.225000
664.518000
664.762000
664.879000
665.037000
665.230000
665.474000
665.594000
665.891000
666.063000
666.236000
666.463000
666.567000
666.870000
667.031000
667.228000
667.446000
667.643000
667.853000
668.062000
668.256000
668.403000
668.722000
668.939000
669.098000
669.236000
669.349000
669.583000
669.880000
670.122000
670.272000
670.422000
670.674000
670.876000
671.069000
671.317000
671.457000
671.631000
671.922000
672.051000
672.286000
672.427000
672.606000
672.853000
673.029000
673.287000
673.476000
673.768000
673.879000
674.096000
674.219000
674.415000
674.616000
674.898000
675.017000
675.225000
675.461000
675.643000
675.856000
676.042000
676.221000
676.435000
676.651000
676.901000
677.050000
677.266000
677.428000
677.587000
677.877000
678.000000
678.248000
678.445000
678.688000
678.831000
679.095000
679.306000
679.453000
679.611000
679.813000
680.034000
680.206000
680.471000
680.689000
680.853000
681.022000
681.247000
681.473000
681.665000
681.837000
682.095000
682.251000
682.437000
682.692000
682.861000
683.026000
683.264000
683.371000
683.629000
683.844000
684.078000
684.247000
684.427000
684.678000
684.868000
685.153000
685.190000
685.414000
685.621000
685.859000
686.097000
686.216000
686.446000
686.598000
686.817000
687.080000
687.331000
687.499000
687.659000
687.842000
687.999000
688.252000
688.502000
688.713000
688.909000
689.030000
689.234000
689.415000
689.647000
689.895000
690.017000
690.286000
690.444000
690.657000
690.858000
691.068000
691.288000
691.390000
691.588000
691.907000
692.119000
692.225000
692.461000
692.631000
692.800000
693.035000
693.290000
693.494000
693.598000
693.834000
694.033000
694.196000
694.405000
694.639000
694.891000
695.032000
695.202000
695.452000
695.683000
695.840000
696.136000
696.254000
696.423000
696.621000
696.842000
697.040000
697.202000
697.394000
697.587000
697.873000
698.085000
698.251000
698.402000
698.686000
698.808000
699.086000
699.220000
699.441000
699.646000
699.863000
700.130000
700.213000
700.440000
700.615000
700.931000
701.106000
701.212000
701.415000
701.698000
701.919000
702.041000
702.276000
702.431000
702.641000
702.857000
703.000000
703.294000
703.486000
703.655000
703.809000
703.992000
704.277000
704.451000
704.628000
704.883000
705.027000
705.302000
705.460000
705.636000
705.908000
705.999000
706.266000
706.416000
706.673000
706.851000
707.149000
707.231000
707.436000
707.623000
707.857000
708.045000
708.308000
708.418000
708.574000
708.867000
709.045000
709.208000
709.452000
709.654000
709.831000
710.057000
710.220000
710.429000
710.638000
710.822000
711.053000
711.245000
711.428000
711.655000
711.884000
712.090000
712.246000
712.416000
712.649000
712.842000
712.950000
713.292000
713.420000
713.623000
713.814000
714.090000
714.243000
714.439000
714.657000
714.834000
715.073000
715.266000
715.438000
715.610000
715.923000
716.070000
716.320000
716.475000
716.606000
716.835000
717.029000
717.249000
717.509000
717.611000
717.835000
718.105000
718.291000
718.465000
718.613000
718.834000
719.077000
719.265000
719.471000
719.588000
719.818000
720.071000
720.295000
720.402000
720.655000
720.920000
721.078000
721.199000
721.447000
721.673000
721.835000
722.073000
722.295000
722.399000
722.706000
722.837000
723.056000
723.204000
723.475000
723.641000
723.882000
724.052000
724.233000
724.379000
724.670000
724.885000
725.068000
725.264000
725.441000
725.634000
725.799000
726.039000
726.224000
726.417000
726.656000
726.897000
726.983000
727.190000
727.410000
727.664000
727.876000
727.977000
728.339000
728.489000
728.706000
728.859000
729.029000
729.251000
729.433000
729.705000
729.918000
730.048000
730.202000
730.522000
730.679000
730.873000
731.020000
731.269000
731.453000
731.657000
731.858000
732.023000
732.254000
732.396000
732.667000
732.840000
733.066000
733.243000
733.414000
733.582000
733.822000
734.071000
734.242000
734.414000
734.653000
734.832000
735.022000
735.209000
735.462000
735.764000
735.930000
736.096000
736.181000
736.402000
736.689000
736.847000
737.050000
737.147000
737.440000
737.680000
737.851000
738.065000
738.205000
738.426000
738.663000
738.849000
738.993000
739.229000
739.376000
739.688000
739.864000
739.994000
740.290000
740.497000
740.618000
740.799000
741.032000
741.230000
741.423000
741.683000
741.927000
741.971000
742.183000
742.420000
742.738000
742.857000
743.029000
743.215000
743.440000
743.613000
743.847000
744.079000
744.242000
744.446000
744.652000
744.874000
745.067000
745.297000
745.467000
745.647000
745.894000
746.058000
746.279000
746.461000
746.641000
746.821000
747.077000
747.223000
747.383000
747.700000
747.835000
748.041000
748.292000
748.403000
748.669000
748.888000
749.039000
749.255000
749.444000
749.598000
749.812000
750.133000
750.249000
750.441000
750.625000
750.787000
751.069000
751.254000
751.456000
751.639000
751.862000
751.953000
752.284000
752.447000
752.743000
752.862000
753.034000
753.234000
753.406000
753.696000
753.873000
754.040000
754.228000
754.472000
754.656000
754.806000
755.047000
755.281000
755.464000
755.668000
755.786000
756.075000
756.279000
756.424000
756.569000
756.865000
757.109000
757.293000
757.408000
757.625000
757.806000
758.109000
758.257000
758.403000
758.637000
758.856000
759.073000
759.333000
759.471000
759.648000
759.816000
759.943000
760.342000
760.520000
760.659000
760.835000
760.984000
761.291000
761.539000
761.732000
761.897000
762.012000
762.159000
762.512000
762.670000
762.906000
763.017000
763.154000
763.465000
763.717000
763.929000
764.089000
764.254000
764.382000
764.595000
764.846000
765.095000
765.304000
765.441000
765.624000
765.861000
766.020000
766.247000
766.512000
766.656000
766.870000
767.032000
767.251000
767.425000
767.686000
767.942000
768.090000
768.267000
768.527000
768.696000
768.861000
769.054000
769.259000
769.502000
769.715000
769.825000
769.989000
770.223000
770.509000
770.662000
770.889000
771.035000
771.318000
771.485000
771.574000
771.822000
772.060000
772.312000
772.482000
772.624000
772.846000
773.083000
773.312000
773.480000
773.661000
773.813000
774.016000
774.232000
774.535000
774.696000
774.850000
775.015000
775.216000
775.425000
775.691000
775.844000
776.070000
776.204000
776.398000
776.632000
776.797000
777.057000
777.232000
777.481000
777.633000
777.806000
778.092000
778.362000
778.438000
778.556000
778.844000
779.065000
779.214000
779.438000
779.661000
779.882000
780.049000
780.262000
780.445000
780.709000
780.875000
781.099000
781.216000
781.444000
781.650000
781.886000
782.061000
782.254000
782.459000
782.661000
782.831000
782.995000
783.271000
783.518000
783.630000
783.836000
784.026000
784.258000
784.429000
784.740000
784.807000
785.104000
785.281000
785.436000
785.657000
785.813000
786.053000
786.247000
786.430000
786.649000
786.865000
787.113000
787.243000
787.400000
787.625000
787.873000
788.135000
788.270000
788.429000
788.671000
788.961000
789.038000
789.237000
789.397000
789.591000
789.847000
790.119000
790.270000
790.415000
790.590000
790.850000
791.069000
791.223000
791.399000
791.573000
791.864000
792.117000
792.236000
792.470000
792.649000
792.810000
793.125000
793.247000
793.368000
793.638000
793.844000
794.095000
794.295000
794.373000
794.559000
794.812000
795.090000
795.276000
795.474000
795.580000
795.799000
796.020000
796.254000
796.474000
796.686000
796.774000
796.988000
797.262000
797.460000
797.639000
797.878000
798.057000
798.270000
798.413000
798.709000
798.925000
799.077000
799.218000
799.452000
799.671000
799.816000
799.976000
800.250000
800.447000
800.632000
800.903000
801.024000
801.238000
801.406000
801.660000
801.816000
802.092000
802.268000
802.457000
802.601000
802.830000
803.039000
803.220000
803.457000
803.627000
803.825000
804.037000
804.228000
804.500000
804.715000
804.870000
804.945000
805.253000
805.494000
805.617000
805.794000
806.052000
806.302000
806.391000
806.694000
806.867000
807.007000
807.199000
807.398000
807.622000
807.841000
807.994000
808.233000
808.452000
808.671000
808.829000
809.016000
809.234000
809.440000
809.778000
809.868000
810.012000
810.233000
810.448000
810.626000
810.834000
811.026000
811.222000
811.436000
811.672000
811.897000
812.080000
812.288000
812.395000
812.566000
812.830000
813.033000
813.275000
813.393000
813.574000
813.900000
814.106000
814.308000
814.361000
814.586000
814.863000
815.145000
815.265000
815.422000
815.577000
815.850000
816.047000
816.262000
816.436000
816.691000
816.864000
817.009000
817.228000
817.391000
817.648000
817.817000
818.139000
818.286000
818.429000
818.632000
818.826000
819.072000
819.267000
819.466000
819.627000
819.740000
820.014000
820.249000
820.467000
820.638000
820.893000
821.001000
821.255000
821.472000
821.644000
821.850000
822.022000
822.251000
822.434000
822.648000
822.804000
823.012000
823.215000
823.546000
823.724000
823.883000
823.994000
824.254000
824.443000
824.614000
824.910000
825.030000
825.248000
825.493000
825.619000
825.853000
826.048000
826.291000
826.402000
826.638000
826.832000
827.066000
827.300000
827.429000
827.620000
827.782000
828.089000
828.246000
828.430000
828.646000
828.815000
829.112000
829.281000
829.493000
829.701000
829.854000
830.041000
830.193000
830.470000
830.674000
830.867000
831.040000
831.230000
831.419000
831.720000
831.884000
832.052000
832.259000
832.438000
832.639000
832.890000
833.125000
833.251000
833.414000
833.600000
833.904000
834.012000
834.314000
834.472000
834.641000
834.855000
835.087000
835.326000
835.435000
835.638000
835.883000
836.030000
836.229000
836.445000
836.626000
836.807000
837.036000
837.276000
837.420000
837.649000
837.812000
838.034000
838.302000
838.503000
838.668000
838.807000
839.078000
839.263000
839.438000
839.669000
839.850000
840.124000
840.204000
840.458000
840.635000
840.889000
841.081000
841.205000
841.472000
841.648000
841.868000
842.081000
842.234000
842.465000
842.638000
842.851000
843.034000
843.248000
843.416000
843.696000
843.883000
844.058000
844.189000
844.408000
844.665000
845.011000
845.109000
845.278000
845.402000
845.622000
845.869000
846.064000
846.357000
846.465000
846.564000
846.959000
847.048000
847.234000
847.439000
847.663000
847.854000
848.077000
848.214000
848.393000
848.679000
848.836000
849.084000
849.241000
849.519000
849.618000
849.843000
850.095000
850.236000
850.525000
850.661000
850.870000
851.023000
851.294000
851.509000
851.695000
851.796000
852.059000
852.278000
852.432000
852.640000
852.809000
852.997000
853.261000
853.466000
853.656000
853.769000
854.056000
854.283000
854.499000
854.589000
854.778000
855.130000
855.223000
855.386000
855.713000
855.920000
856.128000
856.202000
856.439000
856.624000
856.904000
857.079000
857.212000
857.510000
857.636000
857.874000
858.066000
858.247000
858.414000
858.660000
858.791000
859.046000
859.248000
859.422000
859.630000
859.899000
860.082000
860.205000
860.463000
860.623000
860.841000
860.952000
861.227000
861.437000
861.587000
861.842000
862.060000
862.231000
862.471000
862.628000
862.819000
863.070000
863.209000
863.465000
863.643000
863.841000
864.048000
864.153000
864.453000
864.723000
864.897000
865.048000
865.221000
865.529000
865.674000
865.811000
865.982000
866.214000
866.488000
866.698000
866.852000
867.036000
867.224000
867.436000
867.644000
867.868000
868.059000
868.323000
868.422000
868.707000
868.834000
868.988000
869.177000
869.454000
869.676000
869.818000
870.009000
870.259000
870.430000
870.689000
870.870000
871.073000
871.203000
871.408000
871.648000
871.917000
872.066000
872.235000
872.421000
872.681000
872.882000
873.053000
873.199000
873.456000
873.647000
873.842000
874.062000
874.224000
874.420000
874.585000
874.797000
875.014000
875.298000
875.508000
875.591000
875.893000
876.035000
876.378000
876.495000
876.647000
876.835000
877.061000
877.263000
877.488000
877.662000
877.876000
878.005000
878.212000
878.504000
878.651000
878.791000
879.058000
879.209000
879.478000
879.655000
879.817000
880.029000
880.252000
880.407000
880.690000
880.844000
881.091000
881.326000
881.408000
881.625000
881.841000
882.046000
882.296000
882.525000
882.693000
882.794000
883.073000
883.283000
883.463000
883.738000
883.853000
884.042000
884.338000
884.443000
884.624000
884.798000
885.053000
885.246000
885.488000
885.654000
885.844000
886.065000
886.242000
886.508000
886.723000
886.819000
887.054000
887.272000
887.528000
887.728000
887.827000
888.013000
888.234000
888.561000
888.658000
888.812000
888.974000
889.281000
889.473000
889.667000
889.860000
890.011000
890.277000
890.438000
890.619000
890.824000
891.037000
891.287000
891.488000
891.677000
891.808000
892.041000
892.230000
892.543000
892.691000
892.811000
893.008000
893.219000
893.446000
893.655000
893.864000
893.990000
894.191000
894.570000
894.693000
894.928000
895.035000
895.190000
895.420000
895.744000
895.927000
896.072000
896.224000
896.448000
896.661000
896.820000
897.119000
897.224000
897.441000
897.638000
897.843000
898.080000
898.234000
898.448000
898.629000
898.952000
899.072000
899.213000
899.397000
899.557000
899.840000
900.168000
900.294000
900.375000
900.654000
900.878000
901.030000
901.274000
901.422000
901.606000
901.803000
902.053000
902.217000
902.462000
902.630000
902.905000
903.024000
903.214000
903.404000
903.668000
903.845000
904.077000
904.249000
904.518000
904.682000
904.840000
905.173000
905.201000
905.517000
905.659000
905.810000
906.007000
906.223000
906.364000
906.729000
906.866000
907.058000
907.229000
907.448000
907.663000
907.817000
908.056000
908.206000
908.457000
908.634000
908.851000
909.106000
909.260000
909.468000
909.634000
909.814000
910.055000
910.307000
910.443000
910.626000
910.924000
911.025000
911.272000
911.404000
911.682000
911.899000
912.124000
912.188000
912.458000
912.728000
912.815000
913.028000
913.315000
913.441000
913.665000
913.924000
914.042000
914.185000
914.395000
914.686000
914.913000
915.084000
915.299000
915.390000
915.619000
915.826000
916.040000
916.224000
916.465000
916.629000
916.875000
917.064000
917.236000
917.415000
917.676000
917.742000
918.014000
918.321000
918.405000
918.680000
918.887000
919.056000
919.256000
919.435000
919.723000
919.805000
920.030000
920.191000
920.422000
920.664000
920.861000
921.080000
921.268000
921.444000
921.612000
921.885000
922.031000
922.191000
922.465000
922.664000
922.828000
923.080000
923.215000
923.491000
923.673000
923.910000
924.105000
924.306000
924.374000
924.627000
924.909000
925.051000
925.237000
925.534000
925.656000
925.834000
926.075000
926.360000
926.403000
926.672000
926.828000
927.047000
927.280000
927.551000
927.662000
927.792000
928.111000
928.277000
928.372000
928.633000
928.853000
928.977000
929.318000
929.470000
929.591000
929.818000
930.063000
930.291000
930.453000
930.528000
930.837000
931.115000
931.268000
931.432000
931.667000
931.835000
932.035000
932.230000
932.385000
932.632000
932.915000
932.983000
933.259000
933.483000
933.616000
933.852000
934.054000
934.226000
934.360000
934.648000
934.865000
934.971000
935.241000
935.408000
935.743000
935.925000
936.097000
936.262000
936.409000
936.697000
936.815000
937.063000
937.293000
937.430000
937.609000
937.855000
938.037000
938.211000
938.441000
938.637000
938.826000
939.014000
939.324000
939.584000
939.688000
939.824000
940.002000
940.250000
940.442000
940.661000
940.825000
940.971000
941.203000
941.490000
941.672000
941.865000
942.005000
942.240000
942.431000
942.683000
942.812000
943.121000
943.247000
943.438000
943.604000
943.877000
944.077000
944.226000
944.467000
944.642000
944.843000
945.008000
945.263000
945.450000
945.606000
945.843000
946.004000
946.195000
946.394000
946.620000
946.941000
947.055000
947.358000
947.475000
947.622000
947.891000
948.092000
948.237000
948.442000
948.563000
948.778000
948.983000
949.192000
949.418000
949.709000
949.841000
950.064000
950.183000
950.404000
950.620000
950.925000
951.092000
951.221000
951.448000
951.666000
951.808000
952.048000
952.288000
952.421000
952.688000
952.777000
953.012000
953.230000
953.435000
953.620000
953.881000
954.022000
954.241000
954.424000
954.656000
954.858000
954.992000
955.240000
955.522000
955.693000
955.778000
956.095000
956.262000
956.489000
956.623000
956.797000
956.978000
957.179000
957.453000
957.619000
957.886000
958.035000
958.229000
958.472000
958.678000
958.857000
959.057000
959.274000
959.462000
959.609000
959.872000
960.077000
960.366000
960.527000
960.647000
960.871000
961.035000
961.309000
961.431000
961.646000
961.821000
962.069000
962.235000
962.471000
962.677000
962.856000
962.978000
963.210000
963.375000
963.568000
963.937000
964.111000
964.223000
964.468000
964.667000
964.834000
965.052000
965.236000
965.467000
965.681000
965.842000
966.059000
966.349000
966.494000
966.652000
966.753000
966.989000
967.324000
967.468000
967.640000
967.820000
968.017000
968.202000
968.527000
968.679000
968.827000
969.051000
969.321000
969.429000
969.620000
969.830000
969.987000
970.167000
970.414000
970.637000
970.869000
971.043000
971.236000
971.368000
971.571000
971.847000
972.042000
972.254000
972.428000
972.617000
972.829000
973.044000
973.220000
973.404000
973.657000
973.828000
973.947000
974.152000
974.468000
974.697000
974.825000
974.991000
975.271000
975.448000
975.575000
975.853000
976.118000
976.272000
976.464000
976.602000
976.882000
977.090000
977.278000
977.433000
977.581000
977.806000
977.977000
978.264000
978.499000
978.686000
978.829000
979.056000
979.284000
979.419000
979.606000
979.857000
980.015000
980.264000
980.411000
980.665000
980.861000
980.995000
981.189000
981.437000
981.699000
981.912000
981.988000
982.344000
982.464000
982.684000
982.796000
983.035000
983.238000
983.411000
983.682000
983.845000
984.034000
984.211000
984.380000
984.596000
984.866000
985.086000
985.213000
985.405000
985.645000
985.927000
985.987000
986.246000
986.445000
986.580000
986.849000
987.131000
987.306000
987.425000
987.545000
987.880000
988.049000
988.290000
988.480000
988.622000
988.781000
989.062000
989.301000
989.419000
989.617000
989.785000
990.036000
990.248000
990.473000
990.687000
990.851000
991.026000
991.188000
991.459000
991.639000
991.859000
992.030000
992.162000
992.460000
992.722000
992.797000
993.016000
993.217000
993.465000
993.682000
993.906000
994.023000
994.195000
994.403000
994.621000
994.886000
995.039000
995.252000
995.448000
995.577000
995.871000
996.069000
996.267000
996.453000
996.566000
996.912000
997.157000
997.310000
997.490000
997.684000
997.757000
998.030000
998.261000
998.566000
998.644000
998.774000
999.008000
999.311000
999.442000
999.636000
999.884000
999.987000
1000.290000
1000.420000
1000.630000
1000.820000
1001.010000
1001.270000
1001.450000
1001.670000
1001.910000
1002.050000
1002.230000
1002.480000
1002.620000
1002.840000
1003.030000
1003.210000
1003.490000
1003.630000
1003.800000
1004.050000
1004.320000
1004.480000
1004.620000
1004.710000
1005.060000
1005.200000
1005.450000
1005.560000
1005.830000
1006.070000
1006.250000
1006.480000
1006.600000
1006.760000
1007.000000
1007.270000
1007.500000
1007.630000
1007.880000
1008.050000
1008.260000
1008.440000
1008.620000
1008.840000
1008.990000
1009.260000
1009.510000
1009.670000
1009.850000
1010.090000
1010.280000
1010.520000
1010.700000
1010.790000
1010.960000
1011.200000
1011.380000
1011.610000
1011.900000
1012.050000
1012.200000
1012.450000
1012.640000
1012.840000
1013.030000
1013.320000
1013.440000
1013.640000
1013.850000
1014.020000
1014.230000
1014.540000
1014.610000
1014.830000
1015.070000
1015.200000
1015.440000
1015.670000
1015.810000
1016.030000
1016.310000
1016.460000
1016.630000
1016.800000
1017.120000
1017.230000
1017.430000
1017.690000
1017.770000
1018.050000
1018.240000
1018.490000
1018.660000
1018.950000
1019.100000
1019.300000
1019.350000
1019.650000
1019.760000
1020.120000
1020.260000
1020.420000
1020.610000
1020.930000
1021.130000
1021.250000
1021.430000
1021.690000
1021.920000
1022.100000
1022.240000
1022.480000
1022.720000
1022.870000
1022.980000
1023.360000
1023.450000
1023.700000
1023.820000
1024.060000
1024.260000
1024.470000
1024.690000
1024.860000
1025.020000
1025.200000
1025.460000
1025.630000
1025.910000
1025.990000
1026.220000
1026.430000
1026.620000
1026.960000
1027.070000
1027.240000
1027.480000
1027.690000
1027.860000
1027.990000
1028.200000
1028.490000
1028.540000
1028.880000
1029.040000
1029.300000
1029.450000
1029.620000
1029.810000
1030.050000
1030.240000
1030.490000
1030.650000
1030.820000
1031.080000
1031.270000
1031.440000
1031.650000
1031.810000
1031.950000
1032.230000
1032.470000
1032.630000
1032.880000
1033.040000
1033.210000
1033.470000
1033.590000
1033.830000
1034.060000
1034.270000
1034.440000
1034.660000
1034.830000
1035.080000
1035.160000
1035.430000
1035.690000
1035.940000
1036.020000
1036.210000
1036.440000
1036.650000
1036.890000
1037.080000
1037.200000
1037.450000
1037.640000
1037.880000
1038.030000
1038.210000
1038.420000
1038.610000
1038.950000
1039.030000
1039.220000
1039.450000
1039.620000
1039.850000
1039.960000
1040.320000
1040.470000
1040.720000
1040.870000
1041.020000
1041.170000
1041.490000
1041.650000
1041.840000
1042.070000
1042.230000
1042.420000
1042.690000
1042.890000
1043.090000
1043.230000
1043.360000
1043.620000
1043.780000
1043.960000
1044.180000
1044.500000
1044.670000
1044.820000
1045.020000
1045.210000
1045.450000
1045.620000
1045.820000
1046.070000
1046.250000
1046.440000
1046.740000
1046.840000
1047.030000
1047.190000
1047.480000
1047.670000
1047.890000
1048.020000
1048.180000
1048.410000
1048.620000
1048.860000
1049.040000
1049.280000
1049.440000
1049.620000
1049.920000
1050.030000
1050.280000
1050.410000
1050.550000
1050.810000
1051.020000
1051.210000
1051.410000
1051.600000
1051.810000
1052.070000
1052.230000
1052.420000
1052.660000
1052.780000
1053.080000
1053.190000
1053.420000
1053.650000
1053.770000
1054.040000
1054.270000
1054.530000
1054.630000
1054.780000
1055.010000
1055.200000
1055.420000
1055.730000
1055.840000
1056.030000
1056.150000
1056.400000
1056.680000
1056.870000
1057.080000
1057.230000
1057.400000
1057.690000
1057.880000
1058.080000
1058.270000
1058.470000
1058.660000
1058.810000
1059.060000
1059.320000
1059.460000
1059.670000
1059.830000
1060.070000
1060.340000
1060.440000
1060.640000
1060.820000
1061.000000
1061.220000
1061.460000
1061.590000
1061.850000
1062.110000
1062.280000
1062.490000
1062.620000
1062.900000
1063.070000
1063.320000
1063.450000
1063.640000
1063.890000
1064.100000
1064.270000
1064.440000
1064.680000
1064.820000
1064.990000
1065.190000
1065.510000
1065.660000
1065.850000
1066.060000
1066.290000
1066.460000
1066.670000
1066.850000
1067.000000
1067.260000
1067.450000
1067.700000
1067.860000
1068.030000
1068.200000
1068.460000
1068.670000
1068.890000
1069.000000
1069.200000
1069.450000
1069.680000
1069.870000
1070.010000
1070.250000
1070.440000
1070.690000
1070.880000
1071.060000
1071.200000
1071.460000
1071.670000
1071.870000
1072.020000
1072.190000
1072.390000
1072.740000
1072.840000
1073.070000
1073.180000
1073.430000
1073.660000
1073.820000
1074.020000
1074.210000
1074.430000
1074.600000
1074.900000
1075.020000
1075.200000
1075.490000
1075.640000
1075.840000
1076.080000
1076.290000
1076.390000
1076.610000
1076.980000
1077.040000
1077.240000
1077.370000
1077.690000
1077.850000
1078.010000
1078.310000
1078.480000
1078.670000
1078.830000
1079.050000
1079.290000
1079.410000
1079.620000
1079.780000
1080.050000
1080.260000
1080.510000
1080.600000
1080.760000
1081.020000
1081.280000
1081.460000
1081.660000
1081.840000
1082.070000
1082.320000
1082.470000
1082.630000
1082.850000
1083.040000
