26.723700
26.697800
26.722200
26.672200
26.749900
26.642700
26.715600
26.706600
26.672600
26.680000
26.699200
26.702300
26.702200
26.699200
26.686800
26.724500
26.694100
26.693300
26.689000
26.678300
26.702400
26.672300
26.711900
26.695200
26.711000
26.680800
26.678100
26.699000
26.708400
26.682000
26.699700
26.714600
26.674700
26.666900
26.718900
26.695000
26.704000
26.658100
26.699300
26.703000
26.714600
26.733100
26.724300
26.696000
26.708600
26.687900
26.728300
26.678000
26.667600
26.716700
26.697000
26.689300
26.716600
26.682800
26.697400
26.700900
26.689600
26.678700
26.697400
26.661600
26.685900
26.689000
26.660300
26.687800
26.734900
26.685700
26.703000
26.719800
26.718900
26.664700
26.730800
26.696200
26.695000
26.689700
26.691200
26.689500
26.691100
26.693700
26.691200
26.761800
26.736400
26.685400
26.687400
26.735400
26.725000
26.722000
26.709600
26.712100
26.686200
26.709600
26.670100
26.697700
26.665900
26.694100
26.676600
26.719800
26.696800
26.702600
26.670400
26.690800
26.676800
26.715300
26.706400
26.682800
26.675000
26.687300
26.697900
26.680400
26.694900
26.684400
26.691600
26.724900
26.709700
26.718500
26.709300
26.670300
26.679100
26.720900
26.681700
26.676000
26.715000
26.672400
26.697700
26.692300
26.686700
26.712700
26.708800
26.687900
26.700600
26.689200
26.736300
26.696100
26.718600
26.736200
26.725400
26.661800
26.733500
26.704600
26.677000
26.693100
26.681400
26.712200
26.687300
26.704600
26.695400
26.701100
26.698400
26.691200
26.678700
26.685200
26.683500
26.688700
26.768400
26.681700
26.699600
26.709200
26.668700
26.732600
26.703700
26.687400
26.671100
26.683500
26.693000
26.699400
26.762200
26.705900
26.663700
26.667100
26.687500
26.657700
26.685200
26.704700
26.684400
26.739600
26.688900
26.738500
26.704300
26.699500
26.723100
26.701400
26.665400
26.713700
26.708700
26.671800
26.738400
26.692300
26.698700
26.669600
26.703800
26.656600
26.708900
26.686200
26.696700
26.695700
26.685700
26.681200
26.692600
26.693500
26.674000
26.707800
26.671800
26.711900
26.701900
26.677300
26.689600
26.668700
26.672700
26.687900
26.701600
26.669300
26.681700
26.699900
26.697700
26.683100
26.711100
26.691400
26.720600
26.678400
26.697600
26.668700
26.723900
26.685200
26.710700
26.730500
26.678800
26.669000
26.696200
26.732900
26.698500
26.679800
26.705700
26.687100
26.690300
26.684900
26.693300
26.708400
26.687000
26.693800
26.699100
26.714200
26.685400
26.717600
26.688200
26.696600
26.701900
26.693600
26.754500
26.707900
26.690900
26.685800
26.692500
26.692100
26.696200
26.735700
26.694900
26.693300
26.685500
26.730100
26.678400
26.676600
26.710600
26.709300
26.703000
26.715500
26.680900
26.692400
26.662400
26.727600
26.667200
26.679600
26.694700
26.672700
26.688900
26.676900
26.673500
26.673900
26.707600
26.674200
26.677800
26.704000
26.689200
26.697600
26.692200
26.700100
26.719800
26.691700
26.679800
26.687700
26.691300
26.679600
26.729000
26.699100
26.682500
26.727100
26.682900
26.693900
26.715300
26.706400
26.704600
26.681600
26.713500
26.682500
26.707600
26.688800
26.685400
26.696600
26.687500
26.732000
26.698900
26.702300
26.677600
26.658300
26.722900
26.705200
26.713300
26.710300
26.696300
26.765100
26.660700
26.682200
26.734900
26.698900
26.696500
26.709700
26.684600
26.704900
26.655100
26.683100
26.727700
26.697200
26.696600
26.711500
26.693400
26.672800
26.711200
26.688000
26.688300
26.692900
26.676500
26.725600
26.718400
26.712100
26.695200
26.681100
26.669100
26.722800
26.701100
26.706200
26.716900
26.667400
26.666000
26.656700
26.717200
26.693100
26.688300
26.678700
26.728400
26.675900
26.689200
26.692600
26.692000
26.736500
26.704800
26.727000
26.691700
26.721300
26.704100
26.681800
26.700300
26.760100
26.757200
26.666800
26.682500
26.677000
26.668700
26.675900
26.676500
26.706100
26.668200
26.694500
26.672500
26.667600
26.704700
26.704200
26.719400
26.713900
26.701100
26.684600
26.679500
26.705200
26.675000
26.691800
26.674300
26.666700
26.721000
26.671600
26.729000
26.702800
26.693600
26.696800
26.708600
26.694400
26.675900
26.639500
26.690000
26.703400
26.670800
26.688100
26.684300
26.722100
26.688200
26.693300
26.695200
26.684300
26.680800
26.705000
26.691300
26.689300
26.682300
26.681200
26.689000
26.680600
26.723500
26.745200
26.711600
26.675800
26.721800
26.671100
26.716700
26.688900
26.684300
26.706300
26.725300
26.708800
26.650000
26.668700
26.732400
26.702300
26.710800
26.691700
26.659700
26.694500
26.703100
26.716400
26.728000
26.672800
26.707100
26.681800
26.701400
26.688000
26.670900
26.703300
26.703100
26.711100
26.709800
26.682200
26.675200
26.693700
26.684800
26.695400
26.689000
26.712300
26.710900
26.705300
26.704600
26.691300
26.674600
26.729600
26.714500
26.705000
26.709100
26.704200
26.674200
26.678800
26.687200
26.683000
26.671400
26.680600
26.709300
26.714800
26.682700
26.703900
26.681100
26.677700
26.690700
26.683300
26.741000
26.695000
26.697700
26.706500
26.747300
26.739300
26.703100
26.683700
26.685400
26.730100
26.689200
26.683100
26.675700
26.712600
26.705900
26.758500
26.671800
26.715400
26.681000
26.762600
26.680700
26.671600
26.684300
26.737200
26.714000
26.742200
26.724600
26.753700
26.720200
26.657900
26.687400
26.681200
26.671700
26.698500
26.671700
26.718300
26.663200
26.713400
26.671500
26.710100
26.714600
26.713300
26.684600
26.678800
26.678700
26.685500
26.684400
26.705000
26.737400
26.687400
26.699000
26.704900
26.682300
26.683600
26.707200
26.696600
26.683800
26.697900
26.721400
26.697200
26.725700
26.698000
26.650100
26.717200
26.677100
26.684200
26.694000
26.671700
26.709600
26.713200
26.681600
26.681900
26.691000
26.716900
26.646800
26.701900
26.675400
26.683400
26.714700
26.702100
26.709400
26.689400
26.696200
26.683500
26.678100
26.672400
26.719200
26.668300
26.699900
26.678900
26.705500
26.703500
26.666200
26.682600
26.691800
26.702400
26.680400
26.707900
26.686400
26.694300
26.677500
26.717800
26.740400
26.671000
26.705500
26.694600
26.709000
26.695800
26.675700
26.677200
26.686700
26.678800
26.685800
26.673800
26.703300
26.680200
26.699500
26.676200
26.689200
26.688300
26.724100
26.727200
26.729200
26.688500
26.682500
26.747300
26.701900
26.694400
26.684400
26.696000
26.669400
26.692900
26.681800
26.701600
26.685100
26.741400
26.678300
26.755400
26.685300
26.702300
26.698600
26.682700
26.679100
26.692300
26.699800
26.704600
26.715100
26.726100
26.660700
26.660200
26.681300
26.681300
26.698400
26.673100
26.704900
26.681200
26.709800
26.757000
26.683300
26.679200
26.701000
26.745000
26.697500
26.680200
26.709600
26.670500
26.688400
26.687600
26.670700
26.665200
26.687800
26.677200
26.690100
26.679900
26.693500
26.701300
26.737700
26.672100
26.762200
26.735000
26.756900
26.681500
26.693000
26.714400
26.661200
26.729200
26.718000
26.661000
26.685700
26.749600
26.719100
26.677500
26.680000
26.710300
26.703200
26.706100
26.709300
26.688800
26.687300
26.689800
26.724500
26.706800
26.674700
26.673700
26.683900
26.748400
26.674900
26.725300
26.672200
26.699900
26.709200
26.690800
26.729900
26.722300
26.693600
26.673000
26.745200
26.682300
26.720700
26.754000
26.674700
26.762300
26.696100
26.707700
26.716400
26.687700
26.709000
26.751800
26.699700
26.658600
26.721900
26.682700
26.696000
26.678400
26.705500
26.692900
26.705100
26.701900
26.705300
26.700500
26.711200
26.703600
26.679100
26.719500
26.760500
26.717000
26.721200
26.708400
26.679300
26.673100
26.679300
26.673200
26.711100
26.679100
26.701300
26.689800
26.723300
26.713200
26.669600
26.685300
26.703500
26.684100
26.698000
26.696600
26.725000
26.724100
26.682600
26.716000
26.680500
26.683400
26.662900
26.672300
26.672900
26.695700
26.685000
26.700400
26.678300
26.684700
26.695700
26.679000
26.703200
26.686400
26.675100
26.728700
26.675300
26.703800
26.694500
26.726700
26.690300
26.744700
26.708000
26.683300
26.687100
26.731300
26.688400
26.698200
26.678600
26.702100
26.693400
26.677100
26.705400
26.673000
26.726300
26.697400
26.700500
26.664700
26.665700
26.679200
26.694900
26.685000
26.732600
26.692400
26.699800
26.689400
26.701800
26.676900
26.685100
26.696000
26.725100
26.672100
26.679900
26.720200
26.681300
26.711500
26.687500
26.689000
26.690300
26.678800
26.709000
26.691000
26.685700
26.691600
26.711700
26.671300
26.677400
26.711300
26.725200
26.689100
26.683000
26.689000
26.744000
26.707300
26.692000
26.684400
26.690200
26.664900
26.744700
26.698800
26.699400
26.697600
26.678700
26.672600
26.707300
26.684500
26.668700
26.693900
26.706500
26.695200
26.684600
26.697800
26.685600
26.703100
26.714400
26.682800
26.679600
26.699000
26.674700
26.720900
26.694300
26.686500
26.712000
26.698700
26.731700
26.685800
26.721100
26.672700
26.739200
26.706600
26.702500
26.696200
26.703100
26.670500
26.721100
26.686800
26.724400
26.685300
26.704900
26.684700
26.696100
26.730200
26.696000
26.663900
26.707000
26.684400
26.715600
26.675700
26.693100
26.691100
26.708200
26.726600
26.700400
26.696700
26.703800
26.682200
26.695200
26.732700
26.673900
26.673200
26.683200
26.702200
26.746700
26.683600
26.655500
26.695800
26.672800
26.692300
26.712900
26.673400
26.693700
26.684400
26.688800
26.717000
26.668500
26.713100
26.680800
26.689700
26.689400
26.684400
26.746400
26.689500
26.731000
26.719800
26.688000
26.709000
26.682300
26.679400
26.687600
26.682100
26.650500
26.709400
26.653100
26.712700
26.687600
26.673500
26.684300
26.712500
26.685300
26.691500
26.717800
26.695000
26.723200
26.689300
26.688100
26.681100
26.711300
26.683400
26.716000
26.711100
26.759900
26.686500
26.682500
26.711900
26.662700
26.697400
26.743900
26.698800
26.696500
26.699000
26.709600
26.703400
26.733400
26.715700
26.733700
26.710200
26.670700
26.664200
26.683300
26.689200
26.692400
26.683700
26.717500
26.689100
26.721500
26.736400
26.703300
26.685900
26.686400
26.703400
26.732400
26.657100
26.692300
26.717300
26.710700
26.709200
26.732500
26.667900
26.726500
26.697800
26.715700
26.690700
26.698000
26.715500
26.717200
26.716700
26.691700
26.675400
26.703100
26.725800
26.732600
26.699500
26.667500
26.716900
26.703100
26.693000
26.717300
26.706500
26.725000
26.705700
26.734000
26.710800
26.743000
26.666500
26.743900
26.691700
26.702900
26.702700
26.722100
26.710900
26.688300
26.696100
26.696800
26.701300
26.694700
26.698300
26.697000
26.702800
26.681900
26.709500
26.701900
26.689800
26.695800
26.712000
26.652000
26.722900
26.679700
26.715000
26.726800
26.701800
26.687500
26.690500
26.697300
26.698500
26.711800
26.682400
26.685600
26.709100
26.686800
26.680600
26.712300
26.695300
26.682500
26.697000
26.712900
26.720100
26.707300
26.683500
26.726600
26.709200
26.682700
26.678600
26.677900
26.673300
26.682300
26.672700
26.689800
26.656500
26.701600
26.704900
26.671000
26.660100
26.683900
26.712300
26.693600
26.687800
26.720600
26.706000
26.706700
26.709800
26.683000
26.724400
26.666900
26.670500
26.668700
26.685500
26.663900
26.743600
26.703500
26.676000
26.710300
26.688900
26.696400
26.705600
26.663900
26.723300
26.784100
26.711200
26.696500
26.700300
26.689300
26.697800
26.681900
26.697800
26.668500
26.693000
26.721200
26.708000
26.727500
26.699500
26.699200
26.696800
26.705600
26.690700
26.721400
26.639800
26.676900
26.666100
26.679200
26.721800
26.694300
26.693300
26.751900
26.704000
26.701500
26.691600
26.685000
26.688800
26.698500
26.734100
26.690100
26.674700
26.682600
26.660000
26.693300
26.762000
26.665000
26.692700
26.694900
26.702700
26.698600
26.677700
26.690600
26.687400
26.706300
26.678200
26.735700
26.712000
26.697200
26.690900
26.717200
26.706300
26.686000
26.712800
26.662900
26.730300
26.664500
26.680700
26.655000
26.674200
26.692600
26.723900
26.727800
26.689000
26.763700
26.690100
26.691900
26.688300
26.682200
26.676200
26.737900
26.746300
26.728200
26.712800
26.673300
26.696200
26.728100
26.667900
26.683500
26.713000
26.668900
26.701000
26.705500
26.688300
26.688900
26.717400
26.716200
26.698800
26.694200
26.702500
26.678600
26.689600
26.664200
26.736200
26.662600
26.694500
26.686700
26.686200
26.698500
26.717600
26.681700
26.669200
26.704000
26.715400
26.651700
26.676500
26.701400
26.730400
26.676400
26.675800
26.654900
26.686700
26.688200
26.689800
26.705000
26.693900
26.687500
26.740100
26.676100
26.705200
26.732200
26.748600
26.691000
26.667500
26.707400
26.708100
26.703000
26.680200
26.723300
26.728200
26.696100
26.714000
26.715400
26.719200
26.702900
26.700000
26.729600
26.679400
26.696700
26.716300
26.687000
26.697700
26.700300
26.666300
26.710700
26.692900
26.700100
26.721800
26.693800
26.724500
26.696100
26.719000
26.688300
26.690800
26.716400
26.682800
26.708600
26.728300
26.709500
26.679800
26.692900
26.723000
26.696700
26.721400
26.658500
26.667600
26.764400
26.697300
26.676200
26.685700
26.680600
26.690600
26.682600
26.666300
26.676300
26.712600
26.700700
26.688700
26.705300
26.687000
26.677700
26.720400
26.675800
26.695800
26.683800
26.676400
26.679400
26.678000
26.689800
26.756500
26.710400
26.692500
26.700500
26.681000
26.718400
26.661600
26.672900
26.684800
26.711700
26.679100
26.717000
26.691800
26.703800
26.700700
26.697700
26.670200
26.752000
26.687900
26.726400
26.713300
26.675300
26.676800
26.721400
26.683500
26.704500
26.669500
26.684300
26.685200
26.696200
26.722600
26.700600
26.704100
26.720500
26.671800
26.683900
26.671100
26.706900
26.715800
26.724800
26.713800
26.683300
26.700600
26.693600
26.691200
26.692400
26.679100
26.699900
26.685200
26.715500
26.685800
26.689200
26.678700
26.711600
26.689900
26.694700
26.690700
26.736300
26.678500
26.685200
26.713200
26.720100
26.683600
26.692400
26.725300
26.695000
26.693800
26.666400
26.695100
26.697900
26.685700
26.716900
26.697900
26.717700
26.643300
26.691900
26.705000
26.670300
26.681900
26.677400
26.707900
26.724000
26.681100
26.675900
26.723400
26.683800
26.694500
26.683100
26.664300
26.707300
26.686500
26.713800
26.686400
26.700400
26.669100
26.690100
26.677700
26.694200
26.671400
26.678200
26.680400
26.737000
26.676800
26.695300
26.714600
26.670000
26.719600
26.688800
26.705000
26.699700
26.706200
26.714400
26.712500
26.690400
26.682800
26.685500
26.689400
26.686400
26.708400
26.687700
26.679000
26.662300
26.702900
26.738700
26.698500
26.681600
26.683000
26.720400
26.695300
26.752500
26.683100
26.704400
26.687000
26.690600
26.724600
26.718700
26.693800
26.696600
26.721300
26.684500
26.709300
26.681100
26.729800
26.669400
26.711400
26.690600
26.699300
26.660800
26.746200
26.729800
26.709900
26.689400
26.681700
26.682500
26.735900
26.652700
26.714800
26.698200
26.691000
26.707200
26.728200
26.683100
26.737700
26.685100
26.671500
26.695200
26.699900
26.708500
26.720500
26.728600
26.696000
26.691600
26.681100
26.694500
26.704900
26.692800
26.722000
26.707500
26.722300
26.662800
26.708300
26.691700
26.713900
26.689800
26.669700
26.706000
26.718300
26.660400
26.686800
26.701400
26.721300
26.675500
26.683600
26.682200
26.728000
26.693300
26.725100
26.675600
26.687400
26.738100
26.663000
26.683100
26.691600
26.728400
26.706100
26.715100
26.702000
26.753000
26.699400
26.679200
26.680200
26.681200
26.682900
26.678800
26.743600
26.698600
26.669900
26.734300
26.711300
26.680400
26.694000
26.711800
26.660500
26.682500
26.730500
26.675600
26.691000
26.690500
26.661500
26.691000
26.722300
26.684000
26.707600
26.738500
26.728400
26.692200
26.687100
26.686100
26.682200
26.711600
26.696500
26.661600
26.736000
26.703900
26.718200
26.708700
26.701900
26.725500
26.683900
26.677800
26.673400
26.689200
26.658600
26.692800
26.704500
26.700400
26.763300
26.667800
26.694900
26.732700
26.687000
26.721900
26.694500
26.672900
26.686300
26.717000
26.698000
26.665500
26.687800
26.700300
26.679700
26.707600
26.706600
26.714200
26.692200
26.696600
26.693300
26.676300
26.736100
26.667500
26.670400
26.660900
26.715800
26.685700
26.657500
26.698500
26.710400
26.673000
26.682800
26.704500
26.706400
26.690300
26.708500
26.687600
26.704400
26.711600
26.686700
26.695300
26.682500
26.704200
26.712100
26.741400
26.702300
26.663300
26.700200
26.694800
26.680100
26.710600
26.691900
26.669900
26.695300
26.706900
26.684100
26.720100
26.703200
26.698100
26.694200
26.674100
26.666100
26.662000
26.728700
26.719300
26.684300
26.689600
26.685200
26.703900
26.707400
26.696200
26.731100
26.754400
26.708200
26.707800
26.699400
26.696500
26.684300
26.707800
26.700200
26.702200
26.695100
26.674200
26.705000
26.739600
26.718100
26.691000
26.685700
26.669100
26.681700
26.679400
26.716100
26.682500
26.704500
26.722100
26.709600
26.691100
26.659000
26.711000
26.679400
26.714700
26.704600
26.708200
26.684900
26.687500
26.689100
26.702200
26.677900
26.713600
26.686400
26.699400
26.708200
26.695300
26.679700
26.678200
26.668400
26.693200
26.709500
26.665700
26.719600
26.695100
26.679100
26.682900
26.693700
26.676700
26.668600
26.706700
26.709000
26.697100
26.723700
26.693300
26.669700
26.662200
26.725200
26.707200
26.676100
26.675200
26.693000
26.707400
26.710900
26.691400
26.696900
26.689200
26.671400
26.691300
26.669200
26.706400
26.749800
26.679300
26.728000
26.694200
26.695600
26.692800
26.721700
26.710700
26.677600
26.699200
26.657900
26.693700
26.690200
26.686800
26.665200
26.689600
26.707000
26.706500
26.738100
26.692900
26.689600
26.720200
26.706900
26.735500
26.684000
26.708200
26.736500
26.708600
26.739700
26.688600
26.699400
26.693700
26.679900
26.690800
26.725700
26.670600
26.687600
26.708600
26.688200
26.719100
26.667900
26.715400
26.717300
26.693300
26.689400
26.680700
26.700000
26.671500
26.686100
26.716200
26.663500
26.696500
26.700000
26.680300
26.688100
26.705500
26.705600
26.721100
26.658700
26.703600
26.733600
26.681400
26.674700
26.742900
26.697800
26.700100
26.719700
26.706400
26.664900
26.681500
26.678400
26.704800
26.691300
26.689500
26.681700
26.727400
26.679700
26.698000
26.689200
26.712800
26.674000
26.694000
26.719900
26.704300
26.715500
26.719600
26.660800
26.693300
26.697200
26.675100
26.682400
26.715500
26.671000
26.692600
26.689400
26.726600
26.721800
26.679600
26.665000
26.723200
26.739100
26.699600
26.701200
26.708700
26.688600
26.669000
26.708400
26.691000
26.700300
26.694700
26.701900
26.690100
26.691900
26.674400
26.699200
26.696000
26.663700
26.665400
26.696700
26.702600
26.714900
26.691800
26.710400
26.673800
26.682800
26.741000
26.675200
26.703400
26.657900
26.700100
26.716200
26.691900
26.717500
26.709000
26.725400
26.737300
26.684500
26.731700
26.699400
26.688600
26.699300
26.710500
26.712500
26.707700
26.692000
26.694200
26.686400
26.689700
26.693200
26.700900
26.693000
26.720800
26.674300
26.697600
26.677400
26.735800
26.736100
26.717700
26.676700
26.705900
26.693800
26.693300
26.700500
26.680900
26.705400
26.734000
26.677300
26.702300
26.709600
26.702700
26.682300
26.705800
26.699100
26.685900
26.711100
26.684900
26.731800
26.730400
26.684900
26.714700
26.671700
26.692100
26.669000
26.725100
26.689900
26.674700
26.662100
26.708700
26.723200
26.677500
26.693300
26.711100
26.716700
26.695900
26.716800
26.699500
26.733400
26.661000
26.653100
26.689700
26.660700
26.681000
26.675700
26.695400
26.678200
26.682300
26.702900
26.728000
26.710500
26.683400
26.664100
26.703800
26.706600
26.712100
26.684900
26.698200
26.707500
26.681600
26.719700
26.701600
26.753800
26.719200
26.679400
26.679700
26.697600
26.693100
26.706900
26.727200
26.655800
26.720400
26.665500
26.702900
26.709400
26.673200
26.734600
26.699600
26.705800
26.689600
26.676700
26.695100
26.694700
26.748400
26.711600
26.747100
26.692300
26.672900
26.712100
26.689300
26.692800
26.705000
26.691300
26.686800
26.741200
26.680100
26.754900
26.695900
26.708000
26.704000
26.688300
26.673400
26.677900
26.678900
26.671300
26.672900
26.706800
26.723200
26.692700
26.724300
26.675100
26.687600
26.707300
26.691400
26.674700
26.701100
26.699300
26.695000
26.694700
26.676100
26.704000
26.696400
26.712600
26.643400
26.686200
26.681400
26.701100
26.672800
26.695000
26.698100
26.717100
26.673300
26.664000
26.689200
26.702100
26.707000
26.679700
26.670300
26.706100
26.705400
26.719900
26.673500
26.679200
26.645600
26.677400
26.709900
26.678200
26.712600
26.673500
26.667300
26.691400
26.683700
26.711600
26.695800
26.701000
26.715000
26.704300
26.712800
26.705300
26.696400
26.680600
26.702100
26.697300
26.724900
26.685300
26.680400
26.699000
26.697900
26.743500
26.719100
26.688800
26.696800
26.668600
26.681100
26.698900
26.714300
26.689500
26.716100
26.663500
26.697400
26.690700
26.684300
26.695000
26.672800
26.726600
26.687900
26.697600
26.743700
26.681200
26.686800
26.722600
26.700000
26.725900
26.688000
26.699900
26.702000
26.712000
26.683900
26.674800
26.756200
26.678900
26.688700
26.720200
26.723200
26.700000
26.699300
26.729700
26.689500
26.706400
26.715300
26.729400
26.712900
26.728500
26.664600
26.745200
26.701100
26.684800
26.719100
26.687900
26.796300
26.703500
26.694700
26.690600
26.712800
26.714200
26.704700
26.687900
26.693600
26.679300
26.714300
26.695900
26.669000
26.686600
26.699300
26.681500
26.711300
26.702800
26.698700
26.720600
26.705900
26.763400
26.681500
26.677700
26.671200
26.685200
26.724300
26.694900
26.666100
26.671000
26.685300
26.660300
26.706800
26.701700
26.735200
26.675000
26.717100
26.683200
26.684600
26.694300
26.712700
26.692800
26.694900
26.690500
26.696000
26.687700
26.757600
26.692000
26.695100
26.702100
26.687000
26.711900
26.722000
26.722300
26.695300
26.702200
26.761700
26.678600
26.689100
26.705800
26.706300
26.690800
26.677200
26.699000
26.684700
26.666800
26.688300
26.711100
26.683100
26.724900
26.667200
26.685200
26.712600
26.685400
26.690100
26.698700
26.684900
26.703300
26.676000
26.706100
26.681400
26.674900
26.696700
26.730400
26.677000
26.739900
26.694700
26.679200
26.712800
26.720600
26.694300
26.697900
26.692000
26.664600
26.674100
26.697300
26.719900
26.688600
26.735500
26.677600
26.677400
26.689100
26.696600
26.705000
26.719200
26.707400
26.688300
26.691900
26.700000
26.700800
26.681500
26.685000
26.678800
26.676600
26.710000
26.671500
26.695000
26.686500
26.674200
26.758600
26.692200
26.674900
26.714100
26.669500
26.696700
26.686000
26.673400
26.710300
26.702400
26.663100
26.673000
26.728000
26.684800
26.751900
26.680600
26.701100
26.662100
26.690100
26.698400
26.748000
26.710000
26.730500
26.723200
26.682900
26.682300
26.676400
26.693300
26.703100
26.686300
26.720000
26.703500
26.667800
26.683100
26.682500
26.672700
26.694700
26.744700
26.719400
26.705500
26.681800
26.698800
26.688000
26.699400
26.677800
26.692400
26.691800
26.691600
26.704800
26.693100
26.699200
26.738000
26.757400
26.699200
26.714700
26.694500
26.688300
26.696000
26.669300
26.689100
26.703500
26.667500
26.730700
26.682400
26.703900
26.686400
26.726700
26.682800
26.696300
26.714300
26.696500
26.772900
26.696100
26.709200
26.663200
26.720900
26.676300
26.714400
26.698900
26.687500
26.726800
26.694100
26.692300
26.670800
26.712900
26.685100
26.681400
26.683300
26.670900
26.697500
26.701300
26.676500
26.698400
26.701700
26.680300
26.721800
26.673500
26.721500
26.691200
26.695700
26.732700
26.680500
26.702700
26.689300
26.718900
26.681300
26.707200
26.699100
26.693200
26.717500
26.691500
26.709100
26.712800
26.698900
26.686500
26.730500
26.685900
26.667600
26.741200
26.689600
26.706500
26.707600
26.662800
26.690800
26.688100
26.694800
26.677400
26.681400
26.680500
26.762100
26.701800
26.709500
26.730400
26.738000
26.677000
26.696100
26.707900
26.689500
26.693900
26.651000
26.763500
26.711500
26.707600
26.688500
26.704600
26.752000
26.723100
26.721100
26.730100
26.653800
26.665300
26.680500
26.683700
26.691000
26.683600
26.714600
26.717100
26.668500
26.696700
26.683500
26.707900
26.696100
26.688600
26.694400
26.731400
26.706500
26.681800
26.674700
26.679000
26.682800
26.699700
26.740900
26.678300
26.664700
26.679900
26.686700
26.747500
26.700100
26.701800
26.695300
26.686800
26.735600
26.733900
26.724600
26.683900
26.671100
26.659500
26.689200
26.725000
26.719900
26.693300
26.709000
26.727300
26.710700
26.693700
26.714100
26.682000
26.742500
26.703000
26.687500
26.713100
26.715200
26.706600
26.698200
26.703900
26.693200
26.664900
26.709900
26.686500
26.729700
26.688400
26.686100
26.684600
26.694600
26.697000
26.706300
26.702300
26.718000
26.717500
26.694900
26.726900
26.688500
26.704300
26.683500
26.684300
26.735100
26.694200
26.721400
26.689500
26.732700
26.685000
26.696200
26.727500
26.661300
26.752100
26.703800
26.696700
26.684300
26.679500
26.679100
26.723000
26.679500
26.735600
26.677600
26.703800
26.688300
26.672600
26.665900
26.698400
26.683800
26.666500
26.716200
26.694200
26.684100
26.688700
26.731200
26.686000
26.665700
26.680400
26.719700
26.699600
26.689100
26.672400
26.674700
26.677200
26.693500
26.697600
26.657500
26.670200
26.694500
26.698700
26.708400
26.712000
26.662400
26.693100
26.706500
26.736800
26.736400
26.708600
26.672800
26.669800
26.678400
26.773200
26.678400
26.693800
26.706000
26.701300
26.685100
26.703500
26.695200
26.702200
26.656000
26.694800
26.698000
26.676000
26.662800
26.739100
26.710400
26.683300
26.663600
26.738400
26.673300
26.701800
26.712700
26.676400
26.689000
26.710600
26.682100
26.740200
26.649900
26.709800
26.657500
26.684900
26.742200
26.685600
26.675000
26.738700
