547.889000
548.106000
548.401000
548.566000
548.798000
548.908000
549.155000
549.223000
549.512000
549.779000
549.987000
550.144000
550.382000
550.571000
550.795000
550.867000
551.155000
551.300000
551.466000
551.791000
551.985000
552.078000
552.293000
552.499000
552.740000
553.043000
553.130000
553.278000
553.454000
553.765000
553.982000
554.125000
554.335000
554.608000
554.813000
554.957000
555.196000
555.356000
555.556000
555.662000
555.940000
556.138000
556.333000
556.561000
556.759000
556.984000
557.075000
557.323000
557.490000
557.723000
557.925000
558.086000
558.315000
558.490000
558.710000
558.950000
559.135000
559.310000
559.565000
559.758000
559.997000
560.202000
560.304000
560.534000
560.723000
560.921000
561.170000
561.359000
561.475000
561.718000
561.967000
562.179000
562.372000
562.537000
562.693000
562.879000
563.202000
563.489000
563.532000
563.701000
563.939000
564.156000
564.350000
564.539000
564.752000
564.923000
565.123000
565.333000
565.520000
565.756000
565.976000
566.132000
566.352000
566.562000
566.591000
566.890000
567.148000
567.357000
567.599000
567.739000
567.901000
568.099000
568.361000
568.600000
568.700000
568.881000
569.122000
569.267000
569.564000
569.793000
569.921000
570.067000
570.352000
570.458000
570.734000
570.911000
571.083000
571.234000
571.596000
571.678000
572.016000
572.164000
572.338000
572.520000
572.742000
572.893000
573.069000
573.305000
573.547000
573.785000
573.983000
574.160000
574.256000
574.574000
574.761000
574.902000
575.075000
575.372000
575.564000
575.710000
575.939000
576.158000
576.363000
576.557000
576.746000
576.898000
577.096000
577.360000
577.598000
577.699000
577.926000
578.210000
578.408000
578.543000
578.722000
578.921000
579.211000
579.387000
579.546000
579.749000
579.940000
580.172000
580.334000
580.428000
580.760000
580.908000
581.196000
581.409000
581.508000
581.696000
581.970000
582.130000
582.346000
582.510000
582.709000
582.910000
583.110000
583.367000
583.536000
583.730000
583.834000
584.096000
584.359000
584.598000
584.763000
585.003000
585.152000
585.425000
585.491000
585.815000
585.879000
586.148000
586.356000
586.520000
586.632000
586.951000
587.103000
587.341000
587.570000
587.736000
588.006000
588.171000
588.409000
588.559000
588.741000
589.014000
589.181000
589.259000
589.501000
589.717000
589.902000
590.129000
590.335000
590.536000
590.721000
590.920000
591.166000
591.275000
591.541000
591.758000
591.950000
592.148000
592.420000
592.587000
592.751000
592.855000
593.150000
593.356000
593.527000
593.770000
593.938000
594.165000
594.335000
594.591000
594.766000
594.910000
595.050000
595.414000
595.575000
595.799000
595.921000
596.160000
596.301000
596.583000
596.652000
596.918000
597.080000
597.301000
597.556000
597.693000
597.939000
598.153000
598.320000
598.553000
598.791000
598.914000
599.112000
599.347000
599.527000
599.738000
599.987000
600.138000
600.291000
600.589000
600.712000
601.025000
601.182000
601.377000
601.495000
601.753000
601.994000
602.192000
602.305000
602.464000
602.703000
602.945000
603.128000
603.351000
603.444000
603.760000
603.963000
604.170000
604.389000
604.517000
604.712000
604.994000
605.156000
605.316000
605.509000
605.694000
605.922000
606.138000
606.321000
606.453000
606.658000
606.928000
607.164000
607.277000
607.476000
607.775000
607.925000
608.040000
608.350000
608.534000
608.765000
608.849000
609.137000
609.395000
609.565000
609.684000
609.891000
610.190000
610.370000
610.581000
610.742000
610.893000
611.154000
611.366000
611.470000
611.705000
611.845000
612.119000
612.261000
612.537000
612.769000
612.909000
613.057000
613.384000
613.591000
613.733000
613.892000
614.112000
614.375000
614.588000
614.780000
614.880000
615.012000
615.385000
615.627000
615.775000
615.915000
616.122000
616.302000
616.561000
616.774000
616.960000
617.172000
617.267000
617.563000
617.772000
617.915000
618.148000
618.370000
618.569000
618.790000
618.967000
619.085000
619.391000
619.569000
619.712000
619.957000
620.106000
620.354000
620.536000
620.715000
620.948000
621.142000
621.388000
621.470000
621.812000
621.981000
622.121000
622.347000
622.462000
622.668000
622.997000
623.137000
623.321000
623.457000
623.675000
623.925000
624.222000
624.421000
624.479000
624.789000
624.982000
625.165000
625.379000
625.590000
625.804000
625.922000
626.077000
626.360000
626.549000
626.737000
626.938000
627.148000
627.311000
627.495000
627.738000
627.974000
628.050000
628.378000
628.506000
628.779000
628.952000
629.163000
629.345000
629.531000
629.724000
629.959000
630.197000
630.367000
630.513000
630.791000
630.876000
631.157000
631.370000
631.538000
631.741000
631.986000
632.102000
632.358000
632.521000
632.676000
632.936000
633.088000
633.405000
633.514000
633.733000
633.926000
634.151000
634.402000
634.524000
634.748000
635.000000
635.123000
635.373000
635.538000
635.701000
635.928000
636.067000
636.287000
636.393000
636.725000
636.913000
637.172000
637.278000
637.548000
637.776000
637.884000
638.183000
638.313000
638.576000
638.633000
638.995000
639.141000
639.304000
639.496000
639.701000
639.934000
640.203000
640.318000
640.473000
640.803000
640.935000
641.176000
641.295000
641.472000
641.682000
641.979000
642.145000
642.357000
642.511000
642.703000
642.971000
643.199000
643.345000
643.500000
643.705000
643.945000
644.240000
644.367000
644.463000
644.677000
644.963000
645.033000
645.357000
645.553000
645.718000
645.841000
646.158000
646.352000
646.647000
646.731000
646.831000
647.107000
647.331000
647.541000
647.810000
647.931000
648.170000
648.353000
648.562000
648.759000
648.868000
649.061000
649.376000
649.545000
649.753000
649.927000
650.151000
650.386000
650.633000
650.700000
650.873000
651.152000
651.400000
651.614000
651.736000
651.868000
652.094000
652.395000
652.508000
652.717000
652.999000
653.215000
653.379000
653.550000
653.699000
653.951000
654.126000
654.369000
654.526000
654.687000
654.915000
655.213000
655.351000
655.599000
655.821000
655.977000
656.161000
656.340000
656.504000
656.733000
656.917000
657.211000
657.369000
657.516000
657.804000
657.878000
658.184000
658.344000
658.511000
658.740000
658.954000
659.126000
659.353000
659.522000
659.704000
659.898000
660.138000
660.288000
660.591000
660.765000
660.951000
661.155000
661.415000
661.504000
661.687000
661.943000
662.127000
662.398000
662.523000
662.730000
662.958000
663.163000
663.415000
663.580000
663.717000
663.902000
664.146000
664.287000
664.579000
664.680000
664.998000
665.157000
665.369000
665.563000
665.694000
665.924000
666.194000
666.324000
666.592000
666.726000
667.023000
667.166000
667.301000
667.522000
667.768000
667.999000
668.134000
668.377000
668.428000
668.837000
668.957000
669.245000
669.355000
669.552000
669.790000
669.904000
670.048000
670.305000
670.597000
670.776000
670.912000
671.089000
671.354000
671.495000
671.769000
671.931000
672.069000
672.332000
672.633000
672.834000
672.951000
673.119000
673.213000
673.488000
673.807000
673.944000
674.168000
674.266000
674.520000
674.774000
674.986000
675.171000
675.400000
675.516000
675.680000
675.930000
676.126000
676.308000
676.524000
676.787000
676.914000
677.194000
677.395000
677.651000
677.688000
677.872000
678.107000
678.413000
678.583000
678.746000
678.933000
679.119000
679.373000
679.560000
679.744000
679.947000
680.065000
680.350000
680.582000
680.765000
680.914000
681.179000
681.224000
681.453000
681.732000
681.949000
682.209000
682.372000
682.558000
682.752000
682.901000
683.120000
683.284000
683.536000
683.706000
683.994000
684.128000
684.282000
684.420000
684.813000
684.948000
685.161000
685.332000
685.517000
685.735000
685.886000
686.215000
686.405000
686.518000
686.761000
686.890000
687.179000
687.344000
687.533000
687.711000
687.960000
688.220000
688.375000
688.591000
688.731000
688.977000
689.201000
689.357000
689.600000
689.753000
689.932000
690.225000
690.360000
690.497000
690.713000
690.909000
691.109000
691.396000
691.525000
691.695000
691.950000
692.228000
692.270000
692.555000
692.748000
692.927000
693.107000
693.353000
693.475000
693.760000
693.946000
694.180000
694.305000
694.467000
694.765000
695.001000
695.125000
695.254000
695.556000
695.694000
695.954000
696.175000
696.315000
696.419000
696.734000
697.050000
697.126000
697.356000
697.579000
697.693000
697.859000
698.106000
698.380000
698.594000
698.768000
698.838000
699.140000
699.350000
699.534000
699.779000
699.856000
700.216000
700.415000
700.555000
700.718000
700.953000
701.088000
701.395000
701.543000
701.741000
701.897000
702.131000
702.325000
702.522000
702.698000
702.965000
703.167000
703.345000
703.500000
703.701000
703.979000
704.201000
704.320000
704.507000
704.687000
704.960000
705.165000
705.328000
705.514000
705.680000
705.923000
706.197000
706.394000
706.463000
706.781000
706.972000
707.094000
707.325000
707.552000
707.781000
707.897000
708.140000
708.363000
708.539000
708.714000
708.980000
709.134000
709.286000
709.519000
709.768000
709.915000
710.060000
710.366000
710.659000
710.707000
710.969000
711.117000
711.349000
711.646000
711.692000
711.910000
712.068000
712.368000
712.531000
712.732000
712.970000
713.180000
713.331000
713.556000
713.692000
713.990000
714.126000
714.315000
714.516000
714.710000
714.833000
715.180000
715.301000
715.542000
715.744000
715.841000
716.113000
716.385000
716.506000
716.681000
716.925000
717.175000
717.282000
717.548000
717.722000
717.892000
718.171000
718.346000
718.508000
718.672000
718.848000
719.142000
719.354000
719.521000
719.728000
719.980000
720.218000
720.376000
720.485000
720.739000
720.963000
721.193000
721.307000
721.509000
721.699000
721.979000
722.145000
722.432000
722.506000
722.747000
722.873000
723.186000
723.296000
723.567000
723.757000
723.878000
724.069000
724.397000
724.521000
724.796000
724.967000
725.078000
725.328000
725.545000
725.701000
725.919000
726.159000
726.321000
726.524000
726.724000
726.997000
727.176000
727.322000
727.478000
727.753000
727.985000
728.159000
728.315000
728.525000
728.752000
728.840000
729.102000
729.393000
729.498000
729.690000
729.979000
730.150000
730.353000
730.560000
730.680000
730.904000
731.237000
731.377000
731.477000
731.743000
731.918000
732.096000
732.327000
732.560000
732.711000
732.911000
733.147000
733.390000
733.563000
733.669000
733.957000
734.085000
734.393000
734.563000
734.700000
734.940000
735.118000
735.358000
735.548000
735.697000
735.881000
736.189000
736.377000
736.593000
736.646000
736.870000
737.225000
737.425000
737.501000
737.724000
737.953000
738.163000
738.234000
738.531000
738.681000
738.926000
739.159000
739.382000
739.525000
739.676000
740.019000
740.208000
740.365000
740.500000
740.767000
740.942000
741.098000
741.342000
741.537000
741.708000
741.989000
742.165000
742.261000
742.472000
742.691000
742.976000
743.128000
743.365000
743.572000
743.740000
743.962000
744.138000
744.312000
744.523000
744.650000
744.950000
745.116000
745.313000
745.544000
745.762000
746.042000
746.084000
746.353000
746.603000
746.723000
746.982000
747.145000
747.267000
747.475000
747.836000
747.930000
748.094000
748.304000
748.648000
748.828000
748.905000
749.063000
749.298000
749.547000
749.723000
749.912000
750.115000
750.363000
750.540000
750.755000
750.988000
751.141000
751.307000
751.478000
751.801000
751.935000
752.153000
752.334000
752.468000
752.693000
753.001000
753.170000
753.324000
753.524000
753.697000
753.985000
754.150000
754.290000
754.521000
754.737000
754.943000
755.082000
755.389000
755.462000
755.737000
756.003000
756.132000
756.394000
756.600000
756.760000
756.841000
757.140000
757.278000
757.619000
757.716000
757.833000
758.095000
758.334000
758.569000
758.769000
758.966000
759.091000
759.297000
759.572000
759.762000
759.766000
760.135000
760.381000
760.550000
760.734000
760.910000
761.081000
761.292000
761.618000
761.750000
761.826000
762.098000
762.238000
762.533000
762.764000
762.953000
763.111000
763.309000
763.534000
763.757000
763.968000
764.193000
764.363000
764.493000
764.695000
764.981000
765.161000
765.268000
765.479000
765.740000
765.823000
766.157000
766.387000
766.497000
766.683000
766.976000
767.181000
767.263000
767.462000
767.685000
768.011000
768.150000
768.355000
768.493000
768.681000
768.967000
769.166000
769.303000
769.575000
769.685000
769.949000
770.138000
770.288000
770.508000
770.698000
770.904000
771.197000
771.434000
771.482000
771.707000
771.946000
772.137000
772.237000
772.496000
772.656000
773.029000
773.211000
773.400000
773.547000
773.724000
773.861000
774.104000
774.293000
774.576000
774.759000
774.903000
775.071000
775.368000
775.554000
775.757000
775.920000
776.131000
776.403000
776.550000
776.766000
776.923000
777.063000
777.324000
777.583000
777.834000
777.940000
778.086000
778.297000
778.519000
778.705000
778.866000
779.057000
779.282000
779.522000
779.757000
779.991000
780.131000
780.311000
780.535000
780.759000
780.949000
781.203000
781.331000
781.473000
781.681000
781.976000
782.188000
782.311000
782.497000
782.736000
782.920000
783.037000
783.369000
783.507000
783.808000
784.012000
784.149000
784.330000
784.559000
784.785000
784.979000
785.137000
785.336000
785.498000
785.730000
785.989000
786.062000
786.309000
786.451000
786.640000
787.012000
787.186000
787.359000
787.526000
787.687000
787.833000
788.157000
788.406000
788.444000
788.776000
788.974000
789.205000
789.251000
789.495000
789.742000
789.977000
790.218000
790.364000
790.474000
790.677000
790.900000
791.158000
791.378000
791.504000
791.795000
791.844000
792.131000
792.399000
792.504000
792.807000
792.945000
793.113000
793.356000
793.511000
793.735000
793.900000
794.110000
794.393000
794.505000
794.709000
794.963000
795.209000
795.276000
795.492000
795.657000
795.983000
796.144000
796.380000
796.510000
796.753000
796.894000
797.228000
797.394000
797.468000
797.690000
797.911000
798.162000
798.406000
798.565000
798.758000
798.992000
799.134000
799.230000
799.497000
799.785000
799.982000
800.211000
800.329000
800.557000
800.732000
800.920000
801.131000
801.342000
801.531000
801.746000
801.900000
802.171000
802.397000
802.596000
802.780000
802.916000
803.086000
803.323000
803.587000
803.819000
804.017000
804.079000
804.293000
804.555000
804.771000
804.976000
805.065000
805.294000
805.510000
805.837000
805.981000
806.179000
806.292000
806.459000
806.745000
807.028000
807.198000
807.348000
807.540000
807.750000
808.060000
808.196000
808.336000
808.504000
808.706000
808.925000
809.166000
809.358000
809.461000
809.793000
809.968000
810.225000
810.385000
810.566000
810.669000
810.872000
811.137000
811.359000
811.461000
811.708000
811.859000
812.158000
812.386000
812.474000
812.751000
812.949000
813.131000
813.349000
813.546000
813.838000
813.919000
814.085000
814.233000
814.504000
814.735000
814.936000
815.172000
815.342000
815.472000
815.697000
815.973000
816.229000
816.393000
816.492000
816.695000
816.839000
817.229000
817.448000
817.525000
817.663000
817.921000
818.177000
818.250000
818.544000
818.701000
818.843000
819.159000
819.312000
819.569000
819.712000
819.806000
820.178000
820.363000
820.554000
820.754000
820.963000
821.119000
821.298000
821.539000
821.660000
821.926000
822.097000
822.346000
822.523000
822.722000
822.940000
823.110000
823.295000
823.574000
823.782000
823.917000
824.100000
824.357000
824.614000
824.765000
824.958000
825.083000
825.294000
825.576000
825.821000
825.939000
826.047000
826.302000
826.509000
826.708000
826.920000
827.191000
827.348000
827.575000
827.705000
827.895000
828.132000
828.338000
828.565000
828.768000
828.967000
829.168000
829.264000
829.579000
829.737000
830.023000
830.050000
830.245000
830.528000
830.838000
830.972000
831.056000
831.266000
831.499000
831.759000
831.981000
832.153000
832.345000
832.466000
832.734000
833.014000
833.124000
833.393000
833.562000
833.767000
833.993000
834.204000
834.276000
834.534000
834.723000
834.894000
835.149000
835.339000
835.533000
835.690000
835.901000
836.136000
836.407000
836.585000
836.711000
836.949000
837.129000
837.283000
837.514000
837.790000
837.886000
838.134000
838.297000
838.528000
838.752000
838.957000
839.138000
839.317000
839.499000
839.658000
839.957000
840.174000
840.349000
840.517000
840.753000
840.957000
841.079000
841.309000
841.541000
841.811000
841.921000
842.101000
842.376000
842.562000
842.750000
842.964000
843.156000
843.363000
843.632000
843.751000
843.949000
844.084000
844.328000
844.564000
844.767000
844.915000
845.129000
845.315000
845.544000
845.747000
845.974000
846.080000
846.305000
846.538000
846.807000
846.923000
847.133000
847.341000
847.512000
847.667000
847.962000
848.156000
848.402000
848.626000
848.670000
848.965000
849.189000
849.321000
849.611000
849.736000
849.889000
850.124000
850.312000
850.551000
850.722000
850.955000
851.104000
851.341000
851.534000
851.672000
851.986000
852.206000
852.304000
852.550000
852.752000
852.935000
853.165000
853.337000
853.500000
853.720000
853.966000
854.134000
854.417000
854.572000
854.712000
854.875000
855.195000
855.379000
855.502000
855.744000
855.961000
856.131000
856.418000
856.581000
856.688000
856.960000
857.094000
857.326000
857.455000
857.792000
858.004000
858.238000
858.308000
858.555000
858.711000
858.880000
859.196000
859.359000
859.469000
859.749000
859.921000
860.224000
860.398000
860.485000
860.696000
860.968000
861.216000
861.351000
861.525000
861.686000
862.003000
862.195000
862.326000
862.501000
862.701000
862.926000
863.145000
863.388000
863.500000
863.695000
863.994000
864.190000
864.354000
864.535000
864.739000
864.901000
865.092000
865.364000
865.516000
865.699000
865.863000
866.187000
866.357000
866.453000
866.705000
866.932000
867.184000
867.313000
867.480000
867.754000
867.998000
868.239000
868.342000
868.556000
868.711000
868.841000
869.115000
869.300000
869.561000
869.765000
869.946000
870.148000
870.359000
870.501000
870.762000
870.928000
871.139000
871.429000
871.590000
871.726000
871.941000
872.150000
872.334000
872.594000
872.705000
872.890000
873.178000
873.346000
873.515000
873.728000
873.939000
874.134000
874.319000
874.551000
874.729000
874.935000
875.133000
875.295000
875.588000
875.767000
875.891000
876.102000
876.248000
876.540000
876.719000
877.015000
877.076000
877.284000
877.482000
877.756000
877.923000
878.242000
878.372000
878.431000
878.745000
879.005000
879.222000
879.385000
879.447000
879.658000
879.868000
880.169000
880.468000
880.569000
880.724000
880.931000
881.144000
881.428000
881.573000
881.705000
881.817000
882.150000
882.387000
882.533000
882.733000
882.785000
883.039000
883.394000
883.490000
883.765000
883.957000
884.227000
884.318000
884.540000
884.674000
884.962000
885.202000
885.372000
885.614000
885.742000
885.889000
886.074000
886.449000
886.557000
886.755000
886.875000
887.016000
887.260000
887.483000
887.745000
887.892000
888.082000
888.337000
888.597000
888.757000
888.934000
889.112000
889.391000
889.626000
889.702000
889.900000
890.083000
890.357000
890.596000
890.729000
890.929000
891.195000
891.419000
891.578000
891.655000
891.946000
892.198000
892.294000
892.456000
892.698000
892.911000
893.133000
893.418000
893.554000
893.694000
893.911000
894.079000
894.406000
894.538000
894.768000
894.778000
895.140000
895.454000
895.609000
895.731000
895.877000
896.169000
896.372000
896.570000
896.710000
896.933000
897.097000
897.389000
897.633000
897.807000
897.831000
898.124000
898.249000
898.593000
898.766000
898.917000
899.015000
899.326000
899.541000
899.713000
899.945000
900.095000
900.346000
900.559000
900.771000
900.939000
901.077000
901.351000
901.541000
901.730000
901.997000
902.159000
902.329000
902.607000
902.773000
902.946000
903.130000
903.373000
903.606000
903.824000
903.955000
904.112000
904.332000
904.542000
904.677000
904.967000
905.123000
905.343000
905.578000
905.824000
905.990000
906.141000
906.361000
906.512000
906.756000
906.950000
907.108000
907.324000
907.540000
907.758000
907.950000
908.184000
908.331000
908.520000
908.638000
908.976000
909.122000
909.379000
909.547000
909.680000
909.914000
910.065000
910.337000
910.497000
910.761000
910.968000
911.064000
911.214000
911.546000
911.771000
911.925000
912.098000
912.425000
912.565000
912.739000
912.977000
913.181000
913.352000
913.586000
913.764000
913.935000
914.179000
914.381000
914.603000
914.749000
914.925000
915.107000
915.303000
915.517000
915.812000
916.025000
916.181000
916.350000
916.395000
916.719000
916.958000
917.147000
917.427000
917.464000
917.724000
917.959000
918.134000
918.372000
918.479000
918.670000
918.886000
919.156000
919.338000
919.554000
919.769000
919.969000
920.066000
920.380000
920.546000
920.634000
920.897000
921.129000
921.403000
921.574000
921.761000
921.900000
922.090000
922.365000
922.607000
922.748000
922.891000
923.139000
923.355000
923.542000
923.732000
923.928000
924.124000
924.317000
924.487000
924.806000
924.977000
925.176000
925.381000
925.472000
925.718000
925.961000
926.174000
926.247000
926.520000
926.585000
926.964000
927.099000
927.308000
927.489000
927.777000
927.872000
928.242000
928.369000
928.591000
928.641000
928.861000
929.151000
929.375000
929.630000
929.792000
929.927000
930.152000
930.403000
930.543000
930.701000
930.888000
931.082000
931.308000
931.574000
931.798000
931.927000
932.062000
932.421000
932.576000
932.730000
932.944000
933.172000
933.317000
933.523000
933.720000
933.929000
934.116000
934.341000
934.477000
934.790000
934.900000
935.213000
935.375000
935.613000
935.762000
935.939000
936.152000
936.277000
936.448000
936.721000
936.936000
937.130000
937.324000
937.519000
937.752000
937.982000
938.168000
938.315000
938.628000
938.801000
939.017000
939.209000
939.351000
939.433000
939.730000
940.073000
940.134000
940.352000
940.594000
940.774000
940.859000
941.212000
941.391000
941.530000
941.795000
941.967000
942.092000
942.433000
942.574000
942.729000
942.974000
943.060000
943.345000
943.588000
943.733000
943.986000
944.133000
944.377000
944.476000
944.745000
944.960000
945.091000
945.272000
945.529000
945.762000
945.928000
946.102000
946.334000
946.557000
946.745000
946.973000
947.136000
947.313000
947.538000
947.751000
947.996000
948.126000
948.349000
948.546000
948.752000
948.973000
949.117000
949.391000
949.553000
949.758000
949.852000
950.168000
950.233000
950.554000
950.770000
950.842000
951.122000
951.364000
951.523000
951.665000
951.895000
952.192000
952.369000
952.466000
952.760000
952.891000
953.164000
953.412000
953.512000
953.795000
953.863000
954.129000
954.317000
954.501000
954.745000
954.942000
955.145000
955.367000
955.549000
955.756000
955.951000
956.118000
956.403000
956.537000
956.727000
956.929000
957.177000
957.302000
957.556000
957.699000
957.826000
958.141000
958.236000
958.552000
958.810000
958.908000
959.102000
959.326000
959.603000
959.740000
960.011000
960.146000
960.365000
960.519000
960.779000
960.932000
961.018000
961.323000
961.579000
961.773000
961.937000
962.099000
962.373000
962.583000
962.769000
962.922000
963.031000
963.297000
963.578000
963.738000
963.939000
964.185000
964.295000
964.523000
964.726000
964.960000
965.166000
965.356000
965.501000
965.725000
966.026000
966.177000
966.318000
966.549000
966.723000
966.898000
967.134000
967.335000
967.562000
967.800000
967.874000
968.093000
968.299000
968.542000
968.715000
968.860000
969.164000
969.186000
969.523000
969.711000
969.888000
970.034000
970.235000
970.590000
970.762000
970.955000
971.095000
971.350000
971.473000
971.734000
971.981000
972.186000
972.347000
972.529000
972.680000
972.943000
973.012000
973.332000
973.549000
973.788000
973.926000
974.243000
974.347000
974.669000
974.757000
974.912000
975.126000
975.373000
975.545000
975.672000
976.013000
976.140000
976.331000
976.572000
976.762000
976.976000
977.050000
977.319000
977.508000
977.787000
977.969000
978.155000
978.302000
978.466000
978.710000
978.989000
979.155000
979.355000
979.542000
979.774000
980.028000
980.182000
980.284000
980.486000
980.766000
981.031000
981.223000
981.362000
981.481000
981.702000
981.941000
982.161000
982.309000
982.564000
982.773000
982.971000
983.116000
983.284000
983.474000
983.721000
983.897000
984.140000
984.336000
984.567000
984.718000
984.955000
985.139000
985.285000
985.570000
985.693000
985.840000
986.148000
986.345000
986.416000
986.697000
986.933000
987.163000
987.185000
987.505000
987.776000
987.968000
988.106000
988.363000
988.502000
988.741000
988.948000
989.206000
989.366000
989.561000
989.708000
989.942000
990.149000
990.475000
990.574000
990.751000
990.895000
991.189000
991.317000
991.525000
991.756000
991.901000
992.193000
992.474000
992.585000
992.748000
992.930000
993.171000
993.376000
993.579000
993.665000
993.995000
994.207000
994.346000
994.582000
994.651000
994.888000
995.131000
995.429000
995.550000
995.783000
995.844000
996.143000
996.366000
996.590000
996.810000
996.929000
997.119000
997.380000
997.478000
997.824000
998.029000
998.105000
998.238000
998.494000
998.735000
999.009000
999.244000
999.338000
999.462000
999.788000
1000.020000
1000.130000
1000.300000
1000.470000
1000.730000
1000.900000
1001.220000
1001.310000
1001.520000
1001.710000
1002.010000
1002.200000
1002.330000
1002.460000
1002.700000
1002.950000
1003.200000
1003.380000
1003.480000
1003.780000
1003.950000
1004.090000
1004.420000
1004.560000
1004.760000
1004.840000
1005.000000
1005.360000
1005.570000
1005.770000
1005.920000
1006.110000
1006.290000
1006.460000
1006.690000
1006.900000
1007.150000
1007.320000
1007.510000
1007.720000
1007.940000
1008.130000
1008.310000
1008.560000
1008.660000
1008.880000
1009.170000
1009.320000
1009.470000
1009.790000
1009.950000
1010.180000
1010.330000
1010.500000
1010.720000
1010.990000
1011.190000
1011.410000
1011.550000
1011.750000
1011.780000
1012.120000
1012.350000
1012.550000
1012.710000
1012.920000
1013.190000
1013.370000
1013.620000
1013.730000
1013.940000
1014.070000
1014.360000
1014.500000
1014.700000
1014.920000
1015.140000
1015.280000
1015.530000
1015.740000
1016.080000
1016.150000
1016.310000
1016.570000
1016.720000
1016.860000
1017.160000
1017.320000
1017.540000
1017.710000
1018.060000
1018.210000
1018.230000
1018.480000
1018.830000
1018.950000
1019.120000
1019.290000
1019.560000
1019.630000
1019.930000
1020.110000
1020.290000
1020.540000
1020.730000
1020.890000
1021.150000
1021.370000
1021.610000
1021.800000
1021.940000
1022.140000
1022.280000
1022.560000
1022.780000
1023.040000
1023.140000
1023.260000
1023.410000
1023.720000
1023.980000
1024.220000
1024.360000
1024.500000
1024.740000
1024.980000
1025.210000
1025.370000
1025.600000
1025.760000
1025.900000
1026.180000
1026.390000
1026.600000
1026.800000
1026.880000
1027.110000
1027.370000
1027.570000
1027.700000
1027.970000
1028.110000
1028.450000
1028.590000
1028.750000
1028.930000
1029.150000
1029.340000
1029.550000
1029.690000
1029.960000
1030.140000
1030.390000
1030.510000
1030.680000
1030.940000
1031.080000
1031.300000
1031.470000
1031.700000
1032.040000
1032.190000
1032.350000
1032.520000
1032.700000
1033.020000
1033.140000
1033.360000
1033.570000
1033.750000
1033.870000
1034.100000
1034.300000
1034.610000
1034.730000
1034.980000
1035.160000
1035.330000
1035.550000
1035.790000
1035.940000
1036.170000
1036.380000
1036.520000
1036.700000
1037.010000
1037.190000
1037.360000
1037.490000
1037.710000
1037.960000
1038.100000
1038.350000
1038.500000
1038.680000
1038.930000
1039.100000
1039.340000
1039.540000
1039.760000
1039.920000
1040.050000
1040.300000
1040.600000
1040.790000
1040.950000
1041.210000
1041.420000
1041.580000
1041.720000
1042.010000
1042.150000
1042.340000
1042.550000
1042.710000
1042.900000
1043.180000
1043.360000
1043.530000
1043.750000
1043.900000
1044.120000
1044.340000
1044.500000
1044.690000
1044.910000
1045.210000
1045.390000
1045.560000
1045.640000
1045.980000
1046.160000
1046.370000
1046.470000
1046.700000
1046.970000
1047.180000
1047.360000
1047.560000
1047.750000
1047.910000
