583.006000
583.152000
583.421000
583.621000
583.785000
583.921000
584.203000
584.405000
584.594000
584.813000
584.939000
585.182000
585.370000
585.540000
585.863000
585.979000
586.147000
586.449000
586.561000
586.792000
586.995000
587.217000
587.347000
587.550000
587.809000
588.036000
588.178000
588.377000
588.559000
588.800000
588.983000
589.161000
589.444000
589.569000
589.746000
589.981000
590.211000
590.421000
590.651000
590.807000
591.044000
591.149000
591.370000
591.599000
591.745000
591.923000
592.268000
592.393000
592.528000
592.806000
593.037000
593.173000
593.410000
593.627000
593.781000
593.970000
594.111000
594.354000
594.583000
594.847000
595.002000
595.213000
595.420000
595.521000
595.783000
596.031000
596.210000
596.401000
596.626000
596.832000
597.034000
597.213000
597.396000
597.502000
597.776000
598.058000
598.214000
598.393000
598.602000
598.789000
598.983000
599.182000
599.439000
599.599000
599.756000
599.977000
600.232000
600.344000
600.632000
600.723000
600.966000
601.228000
601.407000
601.632000
601.757000
601.897000
602.152000
602.392000
602.656000
602.772000
602.987000
603.182000
603.365000
603.609000
603.807000
603.983000
604.197000
604.334000
604.592000
604.795000
605.059000
605.158000
605.379000
605.570000
605.793000
605.976000
606.228000
606.364000
606.556000
606.773000
606.993000
607.254000
607.314000
607.600000
607.803000
607.987000
608.217000
608.419000
608.568000
608.762000
609.024000
609.239000
609.373000
609.649000
609.840000
610.096000
610.146000
610.388000
610.560000
610.751000
610.990000
611.261000
611.414000
611.546000
611.750000
612.046000
612.202000
612.412000
612.647000
612.793000
612.998000
613.244000
613.364000
613.588000
613.789000
614.009000
614.232000
614.370000
614.577000
614.736000
615.020000
615.243000
615.365000
615.594000
615.761000
615.930000
616.150000
616.481000
616.609000
616.796000
616.974000
617.216000
617.345000
617.621000
617.790000
617.942000
618.187000
618.414000
618.579000
618.727000
618.942000
619.121000
619.447000
619.616000
619.744000
619.938000
620.174000
620.408000
620.649000
620.741000
620.981000
621.211000
621.416000
621.542000
621.822000
621.994000
622.297000
622.383000
622.582000
622.773000
622.921000
623.222000
623.433000
623.539000
623.756000
624.039000
624.198000
624.295000
624.541000
624.782000
624.960000
625.231000
625.428000
625.550000
625.777000
626.014000
626.223000
626.462000
626.569000
626.699000
627.000000
627.132000
627.412000
627.640000
627.790000
627.888000
628.183000
628.430000
628.625000
628.880000
629.034000
629.150000
629.389000
629.617000
629.860000
629.944000
630.162000
630.394000
630.572000
630.826000
631.017000
631.125000
631.416000
631.597000
631.774000
632.062000
632.212000
632.367000
632.625000
632.812000
633.013000
633.200000
633.405000
633.549000
633.772000
634.037000
634.189000
634.397000
634.538000
634.815000
635.077000
635.145000
635.390000
635.558000
635.808000
636.114000
636.201000
636.382000
636.558000
636.791000
636.963000
637.225000
637.422000
637.554000
637.786000
637.931000
638.227000
638.459000
638.577000
638.738000
639.003000
639.198000
639.502000
639.585000
639.739000
639.928000
640.200000
640.462000
640.612000
640.864000
640.986000
641.151000
641.370000
641.569000
641.858000
641.965000
642.188000
642.403000
642.579000
642.798000
642.993000
643.234000
643.419000
643.546000
643.802000
643.976000
644.136000
644.442000
644.574000
644.775000
644.964000
645.157000
645.415000
645.630000
645.724000
645.984000
646.161000
646.407000
646.594000
646.712000
646.968000
647.195000
647.323000
647.617000
647.798000
647.973000
648.180000
648.403000
648.612000
648.784000
649.037000
649.198000
649.413000
649.634000
649.823000
649.962000
650.163000
650.450000
650.612000
650.794000
650.932000
651.245000
651.375000
651.628000
651.872000
651.981000
652.111000
652.376000
652.645000
652.804000
653.011000
653.142000
653.365000
653.615000
653.790000
654.067000
654.200000
654.398000
654.640000
654.787000
654.975000
655.162000
655.412000
655.596000
655.799000
655.967000
656.247000
656.422000
656.578000
656.755000
657.030000
657.232000
657.340000
657.517000
657.705000
658.071000
658.333000
658.430000
658.574000
658.765000
658.988000
659.207000
659.391000
659.600000
659.725000
659.978000
660.227000
660.481000
660.583000
660.792000
660.990000
661.232000
661.442000
661.605000
661.794000
661.949000
662.225000
662.389000
662.562000
662.770000
662.969000
663.160000
663.375000
663.560000
663.844000
663.996000
664.262000
664.376000
664.600000
664.819000
665.029000
665.216000
665.384000
665.512000
665.751000
666.044000
666.204000
666.432000
666.533000
666.742000
667.031000
667.161000
667.426000
667.631000
667.797000
667.971000
668.191000
668.383000
668.637000
668.727000
668.934000
669.213000
669.434000
669.668000
669.812000
669.973000
670.164000
670.370000
670.658000
670.924000
670.942000
671.147000
671.400000
671.600000
671.834000
672.087000
672.181000
672.343000
672.672000
672.831000
672.985000
673.210000
673.342000
673.565000
673.823000
674.026000
674.162000
674.332000
674.529000
674.783000
674.971000
675.222000
675.385000
675.586000
675.772000
675.984000
676.163000
676.379000
676.614000
676.786000
677.033000
677.225000
677.344000
677.570000
677.799000
677.957000
678.221000
678.487000
678.607000
678.761000
678.954000
679.195000
679.375000
679.559000
679.723000
680.038000
680.185000
680.385000
680.579000
680.796000
680.999000
681.200000
681.351000
681.607000
681.740000
681.970000
682.186000
682.385000
682.559000
682.809000
683.025000
683.137000
683.402000
683.592000
683.785000
684.020000
684.137000
684.416000
684.661000
684.748000
684.954000
685.228000
685.456000
685.602000
685.729000
685.939000
686.155000
686.437000
686.655000
686.794000
686.983000
687.170000
687.419000
687.552000
687.775000
687.989000
688.208000
688.436000
688.543000
688.799000
688.950000
689.172000
689.368000
689.558000
689.779000
690.028000
690.172000
690.410000
690.568000
690.864000
691.037000
691.149000
691.352000
691.626000
691.779000
691.962000
692.179000
692.356000
692.564000
692.809000
692.997000
693.167000
693.425000
693.542000
693.782000
694.036000
694.233000
694.425000
694.639000
694.771000
694.949000
695.236000
695.379000
695.581000
695.759000
695.962000
696.168000
696.435000
696.643000
696.787000
696.991000
697.218000
697.403000
697.522000
697.798000
697.946000
698.219000
698.473000
698.636000
698.798000
699.013000
699.157000
699.387000
699.592000
699.771000
699.971000
700.169000
700.405000
700.670000
700.827000
701.000000
701.166000
701.380000
701.589000
701.807000
701.977000
702.214000
702.389000
702.544000
702.806000
703.008000
703.235000
703.412000
703.574000
703.714000
703.999000
704.178000
704.352000
704.590000
704.751000
704.948000
705.184000
705.393000
705.542000
705.823000
706.000000
706.178000
706.353000
706.594000
706.798000
706.951000
707.177000
707.338000
707.656000
707.857000
708.030000
708.146000
708.406000
708.560000
708.778000
708.997000
709.172000
709.316000
709.559000
709.788000
710.008000
710.254000
710.348000
710.543000
710.775000
711.027000
711.267000
711.355000
711.628000
711.745000
711.908000
712.208000
712.383000
712.580000
712.773000
712.992000
713.167000
713.392000
713.642000
713.745000
713.907000
714.240000
714.428000
714.630000
714.826000
714.945000
715.134000
715.428000
715.596000
715.718000
716.039000
716.193000
716.405000
716.604000
716.784000
717.009000
717.173000
717.360000
717.657000
717.782000
718.050000
718.195000
718.431000
718.631000
718.793000
718.977000
719.210000
719.408000
719.611000
719.808000
720.007000
720.176000
720.370000
720.620000
720.814000
720.966000
721.186000
721.370000
721.600000
721.800000
721.943000
722.252000
722.469000
722.562000
722.739000
723.022000
723.217000
723.369000
723.591000
723.774000
723.943000
724.205000
724.467000
724.549000
724.760000
724.887000
725.153000
725.424000
725.634000
725.765000
726.006000
726.150000
726.322000
726.592000
726.900000
727.034000
727.212000
727.385000
727.558000
727.771000
728.025000
728.150000
728.384000
728.619000
728.789000
729.053000
729.228000
729.384000
729.506000
729.801000
729.980000
730.159000
730.361000
730.567000
730.855000
731.063000
731.189000
731.349000
731.533000
731.759000
731.986000
732.170000
732.356000
732.551000
732.783000
732.995000
733.219000
733.462000
733.693000
733.784000
733.956000
734.192000
734.418000
734.624000
734.781000
734.994000
735.094000
735.388000
735.593000
735.733000
736.055000
736.196000
736.427000
736.612000
736.844000
736.939000
737.188000
737.411000
737.580000
737.790000
737.904000
738.191000
738.447000
738.622000
738.763000
738.967000
739.185000
739.418000
739.577000
739.797000
739.926000
740.199000
740.453000
740.601000
740.796000
740.955000
741.175000
741.397000
741.596000
741.742000
741.942000
742.066000
742.388000
742.648000
742.823000
742.972000
743.172000
743.364000
743.577000
743.825000
743.966000
744.152000
744.460000
744.643000
744.812000
744.920000
745.109000
745.395000
745.610000
745.876000
745.991000
746.194000
746.363000
746.566000
746.810000
746.970000
747.178000
747.309000
747.616000
747.837000
747.967000
748.094000
748.368000
748.625000
748.740000
748.960000
749.246000
749.399000
749.558000
749.793000
750.013000
750.185000
750.396000
750.536000
750.802000
750.975000
751.215000
751.348000
751.573000
751.785000
751.925000
752.216000
752.497000
752.590000
752.770000
752.936000
753.154000
753.441000
753.546000
753.772000
754.131000
754.191000
754.400000
754.515000
754.765000
755.038000
755.267000
755.398000
755.529000
755.756000
756.057000
756.217000
756.484000
756.551000
756.753000
756.959000
757.221000
757.454000
757.656000
757.779000
757.938000
758.170000
758.382000
758.704000
758.836000
758.961000
759.145000
759.377000
759.701000
759.888000
759.967000
760.066000
760.346000
760.532000
760.853000
761.100000
761.194000
761.406000
761.529000
761.797000
762.088000
762.195000
762.327000
762.559000
762.742000
762.962000
763.244000
763.415000
763.493000
763.731000
764.046000
764.260000
764.505000
764.594000
764.776000
764.980000
765.218000
765.405000
765.574000
765.777000
765.974000
766.199000
766.446000
766.600000
766.755000
766.988000
767.180000
767.388000
767.601000
767.744000
767.993000
768.253000
768.428000
768.595000
768.776000
769.068000
769.160000
769.354000
769.634000
769.785000
769.982000
770.168000
770.347000
770.549000
770.786000
770.967000
771.202000
771.475000
771.592000
771.767000
771.943000
772.196000
772.406000
772.622000
772.780000
772.953000
773.177000
773.374000
773.609000
773.748000
773.952000
774.233000
774.427000
774.588000
774.712000
775.041000
775.154000
775.335000
775.553000
775.791000
775.981000
776.177000
776.342000
776.552000
776.802000
776.970000
777.230000
777.406000
777.569000
777.803000
778.050000
778.210000
778.311000
778.563000
778.798000
779.010000
779.191000
779.375000
779.531000
779.803000
779.974000
780.229000
780.428000
780.585000
780.812000
780.994000
781.071000
781.374000
781.679000
781.842000
781.994000
782.120000
782.382000
782.691000
782.836000
783.039000
783.166000
783.369000
783.584000
783.850000
784.019000
784.211000
784.309000
784.593000
784.855000
785.016000
785.166000
785.375000
785.616000
785.841000
786.040000
786.172000
786.356000
786.534000
786.852000
787.003000
787.144000
787.371000
787.599000
787.774000
788.039000
788.227000
788.341000
788.548000
788.785000
788.987000
789.222000
789.343000
789.534000
789.810000
790.008000
790.195000
790.420000
790.590000
790.843000
790.933000
791.347000
791.473000
791.615000
791.798000
791.945000
792.218000
792.432000
792.628000
792.814000
793.002000
793.208000
793.371000
793.592000
793.795000
794.056000
794.183000
794.367000
794.606000
794.751000
794.942000
795.197000
795.431000
795.702000
795.802000
795.994000
796.143000
796.388000
796.591000
796.782000
796.950000
797.198000
797.349000
797.591000
797.748000
798.018000
798.188000
798.368000
798.621000
798.866000
799.021000
799.222000
799.402000
799.573000
799.768000
800.013000
800.181000
800.408000
800.571000
800.784000
801.072000
801.243000
801.357000
801.555000
801.811000
801.969000
802.288000
802.424000
802.553000
802.762000
802.960000
803.219000
803.346000
803.712000
803.718000
803.948000
804.217000
804.364000
804.605000
804.751000
805.012000
805.199000
805.413000
805.563000
805.837000
806.042000
806.199000
806.373000
806.584000
806.727000
806.992000
807.164000
807.397000
807.552000
807.786000
808.007000
808.211000
808.406000
808.636000
808.775000
808.921000
809.241000
809.380000
809.631000
809.849000
809.978000
810.143000
810.376000
810.563000
810.771000
810.978000
811.170000
811.380000
811.653000
811.916000
811.953000
812.211000
812.350000
812.563000
812.762000
813.012000
813.129000
813.378000
813.611000
813.820000
813.980000
814.102000
814.311000
814.586000
814.825000
815.109000
815.173000
815.341000
815.600000
815.839000
815.998000
816.220000
816.332000
816.600000
816.803000
816.999000
817.175000
817.384000
817.524000
817.833000
818.045000
818.192000
818.338000
818.609000
818.808000
819.045000
819.222000
819.445000
819.541000
819.742000
820.019000
820.217000
820.339000
820.587000
820.772000
821.072000
821.228000
821.370000
821.567000
821.739000
822.010000
822.190000
822.447000
822.634000
822.743000
822.943000
823.180000
823.396000
823.565000
823.800000
824.008000
824.199000
824.406000
824.567000
824.783000
824.988000
825.209000
825.408000
825.590000
825.735000
825.917000
826.165000
826.497000
826.600000
826.765000
826.989000
827.118000
827.415000
827.577000
827.786000
828.001000
828.165000
828.420000
828.569000
828.825000
828.974000
829.166000
829.405000
829.553000
829.786000
829.975000
830.309000
830.378000
830.538000
830.889000
831.048000
831.235000
831.331000
831.569000
831.733000
832.078000
832.230000
832.466000
832.520000
832.868000
832.974000
833.269000
833.382000
833.528000
833.802000
834.099000
834.226000
834.396000
834.546000
834.783000
835.034000
835.224000
835.385000
835.556000
835.784000
836.044000
836.196000
836.372000
836.665000
836.744000
836.937000
837.136000
837.457000
837.651000
837.804000
837.957000
838.153000
838.384000
838.639000
838.862000
838.961000
839.204000
839.277000
839.519000
839.836000
840.062000
840.222000
840.321000
840.565000
840.789000
840.976000
841.193000
841.324000
841.584000
841.823000
842.028000
842.194000
842.341000
842.566000
842.784000
843.099000
843.259000
843.342000
843.537000
843.777000
844.031000
844.288000
844.384000
844.541000
844.792000
845.024000
845.242000
845.396000
845.595000
845.750000
845.989000
846.191000
846.482000
846.695000
846.783000
846.889000
847.238000
847.416000
847.717000
847.820000
848.041000
848.170000
848.377000
848.609000
848.800000
848.996000
849.127000
849.331000
849.571000
849.881000
849.947000
850.244000
850.382000
850.589000
850.735000
850.956000
851.265000
851.452000
851.611000
851.720000
851.936000
852.223000
852.445000
852.554000
852.804000
852.948000
853.223000
853.416000
853.630000
853.715000
853.918000
854.128000
854.384000
854.597000
854.813000
854.866000
855.143000
855.416000
855.605000
855.859000
855.951000
856.179000
856.427000
856.621000
856.835000
857.022000
857.190000
857.443000
857.603000
857.817000
858.006000
858.196000
858.398000
858.624000
858.744000
859.009000
859.195000
859.433000
859.703000
859.851000
859.985000
860.115000
860.418000
860.556000
860.877000
860.975000
861.117000
861.410000
861.586000
861.794000
862.034000
862.249000
862.362000
862.596000
862.804000
862.991000
863.258000
863.425000
863.614000
863.802000
864.033000
864.171000
864.401000
864.651000
864.802000
865.047000
865.283000
865.395000
865.590000
865.816000
866.014000
866.172000
866.382000
866.580000
866.817000
866.979000
867.226000
867.401000
867.567000
867.765000
868.015000
868.325000
868.418000
868.563000
868.835000
869.004000
869.182000
869.367000
869.513000
869.788000
870.048000
870.299000
870.454000
870.618000
870.777000
871.006000
871.214000
871.395000
871.624000
871.816000
871.996000
872.235000
872.358000
872.588000
872.811000
872.944000
873.256000
873.378000
873.619000
873.809000
874.001000
874.178000
874.406000
874.607000
874.762000
874.982000
875.216000
875.412000
875.595000
875.850000
875.988000
876.171000
876.378000
876.585000
876.814000
876.985000
877.128000
877.416000
877.640000
877.784000
877.946000
878.164000
878.415000
878.593000
878.756000
879.009000
879.175000
879.424000
879.573000
879.762000
880.052000
880.163000
880.357000
880.593000
880.807000
880.972000
881.148000
881.420000
881.630000
881.811000
882.045000
882.218000
882.376000
882.521000
882.764000
882.936000
883.227000
883.425000
883.589000
883.781000
883.872000
884.203000
884.418000
884.682000
884.798000
884.997000
885.140000
885.358000
885.662000
885.723000
886.046000
886.214000
886.411000
886.554000
886.772000
887.002000
887.151000
887.370000
887.541000
887.754000
887.986000
888.177000
888.382000
888.588000
888.817000
889.033000
889.160000
889.348000
889.523000
889.874000
890.087000
890.169000
890.398000
890.551000
890.826000
891.078000
891.225000
891.342000
891.666000
891.790000
892.032000
892.254000
892.311000
892.589000
892.803000
893.074000
893.181000
893.389000
893.558000
893.818000
894.043000
894.203000
894.439000
894.535000
894.759000
894.999000
895.288000
895.362000
895.535000
895.804000
896.074000
896.254000
896.413000
896.446000
896.690000
896.983000
897.236000
897.439000
897.526000
897.754000
897.981000
898.196000
898.449000
898.582000
898.821000
898.953000
899.217000
899.377000
899.526000
899.794000
900.010000
900.220000
900.373000
900.645000
900.716000
901.064000
901.234000
901.394000
901.553000
901.821000
901.994000
902.189000
902.392000
902.508000
902.761000
903.062000
903.212000
903.347000
903.560000
903.770000
903.983000
904.243000
904.439000
904.596000
904.780000
904.998000
905.210000
905.413000
905.608000
905.768000
906.016000
906.184000
906.374000
906.572000
906.784000
906.993000
907.139000
907.471000
907.596000
907.783000
907.970000
908.267000
908.439000
908.566000
908.795000
908.965000
909.242000
909.437000
909.565000
909.774000
909.981000
910.238000
910.397000
910.575000
910.834000
910.998000
911.116000
911.336000
911.596000
911.846000
912.073000
912.176000
912.389000
912.533000
912.846000
913.065000
913.233000
913.378000
913.530000
913.790000
913.995000
914.297000
914.443000
914.575000
914.655000
914.977000
915.226000
915.435000
915.592000
915.760000
915.998000
916.220000
916.459000
916.578000
916.766000
916.971000
917.184000
917.412000
917.653000
917.822000
918.065000
918.165000
918.402000
918.624000
918.857000
919.020000
919.244000
919.409000
919.625000
919.747000
919.927000
920.208000
920.409000
920.639000
920.809000
920.919000
921.187000
921.425000
921.626000
921.815000
921.971000
922.177000
922.461000
922.582000
922.825000
922.963000
923.070000
923.392000
923.636000
923.851000
924.008000
924.155000
924.442000
924.609000
924.766000
924.974000
925.204000
925.366000
925.563000
925.788000
925.949000
926.194000
926.362000
926.571000
926.733000
927.012000
927.231000
927.403000
927.518000
927.733000
928.025000
928.212000
928.408000
928.630000
928.745000
928.971000
929.131000
929.457000
929.535000
929.789000
929.939000
930.191000
930.411000
930.600000
930.787000
930.937000
931.194000
931.398000
931.592000
931.745000
931.967000
932.123000
932.388000
932.646000
932.858000
932.976000
933.244000
933.397000
933.586000
933.800000
933.971000
934.268000
934.306000
934.610000
934.771000
935.005000
935.211000
935.302000
935.566000
935.831000
936.001000
936.195000
936.373000
936.520000
936.798000
937.032000
937.191000
937.366000
937.553000
937.770000
938.048000
938.163000
938.309000
938.639000
938.843000
938.999000
939.120000
939.326000
939.546000
939.804000
940.055000
940.132000
940.318000
940.478000
940.809000
941.012000
941.198000
941.318000
941.539000
941.816000
941.956000
942.196000
942.367000
942.505000
942.713000
942.972000
943.244000
943.397000
943.630000
943.765000
944.001000
944.211000
944.477000
944.583000
944.741000
944.969000
945.188000
945.319000
945.574000
945.741000
945.985000
946.174000
946.403000
946.597000
946.826000
946.980000
947.206000
947.342000
947.667000
947.740000
947.977000
948.187000
948.386000
948.539000
948.722000
948.999000
949.218000
949.469000
949.606000
949.748000
950.016000
950.136000
950.370000
950.561000
950.791000
951.017000
951.193000
951.385000
951.552000
951.794000
951.946000
952.206000
952.426000
952.552000
952.685000
952.958000
953.223000
953.369000
953.563000
953.743000
954.022000
954.235000
954.388000
954.617000
954.782000
954.986000
955.210000
955.391000
955.641000
955.738000
955.994000
956.181000
956.432000
956.598000
956.804000
956.962000
957.220000
957.401000
957.600000
957.802000
958.019000
958.152000
958.334000
958.554000
958.795000
958.999000
959.199000
959.358000
959.542000
959.800000
960.018000
960.219000
960.361000
960.599000
960.745000
960.956000
961.195000
961.392000
961.648000
961.768000
961.959000
962.178000
962.375000
962.666000
962.791000
962.957000
963.241000
963.392000
963.591000
963.721000
963.927000
964.144000
964.407000
964.630000
964.746000
965.007000
965.212000
965.489000
965.619000
965.741000
965.958000
966.226000
966.394000
966.576000
966.776000
966.959000
967.143000
967.444000
967.600000
967.723000
967.940000
968.147000
968.406000
968.729000
968.805000
968.995000
969.176000
969.396000
969.582000
969.769000
970.029000
970.272000
970.425000
970.609000
970.788000
970.967000
971.210000
971.350000
971.623000
971.830000
972.006000
972.201000
972.352000
972.552000
972.799000
972.979000
973.145000
973.378000
973.609000
973.889000
974.116000
974.191000
974.338000
974.577000
974.775000
975.038000
975.193000
975.416000
975.576000
975.767000
976.016000
976.193000
976.389000
976.548000
976.876000
976.987000
977.135000
977.385000
977.603000
977.840000
977.942000
978.215000
978.356000
978.578000
978.858000
978.960000
979.170000
979.401000
979.573000
979.793000
979.965000
980.195000
980.391000
980.579000
980.791000
980.976000
981.193000
981.429000
981.576000
981.846000
981.958000
982.173000
982.323000
982.571000
982.740000
982.980000
983.202000
983.410000
983.589000
983.802000
983.975000
984.209000
984.384000
984.552000
984.773000
984.925000
985.164000
985.424000
985.651000
985.734000
986.048000
986.208000
986.328000
986.646000
986.824000
986.984000
987.165000
987.345000
987.581000
987.743000
987.947000
988.211000
988.311000
988.584000
988.785000
989.056000
989.206000
989.395000
989.605000
989.761000
990.034000
990.252000
990.370000
990.597000
990.762000
991.003000
991.246000
991.385000
991.512000
991.802000
992.004000
992.149000
992.370000
992.628000
992.815000
992.918000
993.140000
993.404000
993.697000
993.792000
994.037000
994.168000
994.401000
994.555000
994.820000
995.011000
995.137000
995.373000
995.583000
995.820000
996.011000
996.155000
996.294000
996.585000
996.828000
996.998000
997.230000
997.318000
997.566000
997.716000
997.976000
998.187000
998.361000
998.584000
998.801000
999.049000
999.203000
999.312000
999.564000
999.752000
999.969000
1000.220000
1000.420000
1000.600000
1000.820000
1001.020000
1001.130000
1001.460000
1001.580000
1001.750000
1001.920000
1002.130000
1002.420000
1002.560000
1002.800000
1003.030000
1003.190000
1003.440000
1003.680000
1003.770000
1003.950000
1004.160000
1004.480000
1004.650000
1004.790000
1004.980000
1005.150000
1005.370000
1005.570000
1005.780000
1005.950000
1006.170000
1006.360000
1006.580000
1006.750000
1006.950000
1007.180000
1007.370000
1007.620000
1007.790000
1007.950000
1008.160000
1008.380000
1008.520000
1008.750000
1008.990000
1009.170000
1009.380000
1009.600000
1009.750000
1009.940000
1010.160000
1010.430000
1010.690000
1010.780000
1010.900000
1011.200000
1011.370000
1011.550000
1011.780000
1012.010000
1012.150000
1012.380000
1012.670000
1012.850000
1012.970000
1013.210000
1013.390000
1013.530000
1013.820000
1014.040000
1014.170000
1014.410000
1014.460000
1014.760000
1014.980000
1015.170000
1015.360000
1015.590000
1015.680000
1016.000000
1016.190000
1016.480000
1016.560000
1016.720000
1016.950000
1017.200000
1017.370000
1017.580000
1017.840000
1017.940000
1018.240000
1018.440000
1018.590000
1018.740000
1018.960000
1019.190000
1019.400000
1019.610000
1019.800000
1020.020000
1020.160000
1020.400000
1020.590000
1020.800000
1020.960000
1021.150000
1021.370000
1021.600000
1021.880000
1022.020000
1022.140000
1022.340000
1022.570000
1022.770000
1023.070000
1023.170000
1023.430000
1023.680000
1023.830000
1023.940000
1024.150000
1024.400000
1024.650000
1024.750000
1024.900000
1025.210000
1025.440000
1025.670000
1025.760000
1025.970000
1026.230000
1026.430000
1026.610000
1026.740000
1026.990000
1027.230000
1027.420000
1027.600000
1027.730000
1027.950000
1028.170000
1028.400000
1028.590000
1028.720000
1029.020000
1029.180000
1029.440000
1029.600000
1029.760000
1029.940000
1030.110000
1030.430000
1030.670000
1030.770000
1031.000000
1031.190000
1031.340000
1031.570000
1031.770000
1032.020000
1032.110000
1032.280000
1032.620000
1032.880000
1033.010000
1033.160000
1033.340000
1033.560000
1033.800000
1034.020000
1034.200000
1034.360000
1034.560000
1034.800000
1035.020000
1035.170000
1035.390000
1035.500000
1035.810000
1036.020000
1036.210000
1036.440000
1036.510000
1036.790000
1036.980000
1037.300000
1037.350000
1037.520000
1037.740000
1038.040000
1038.190000
1038.350000
1038.570000
1038.790000
1039.020000
1039.180000
1039.430000
1039.560000
1039.750000
1039.990000
1040.180000
1040.350000
1040.550000
1040.770000
1040.980000
1041.170000
1041.470000
1041.580000
1041.720000
1042.000000
1042.240000
1042.400000
1042.610000
1042.770000
1043.010000
1043.190000
1043.390000
1043.580000
1043.820000
1043.970000
1044.180000
1044.330000
1044.570000
1044.760000
1045.030000
1045.180000
1045.390000
1045.560000
1045.760000
1045.970000
1046.220000
1046.440000
1046.600000
1046.750000
1047.000000
1047.110000
1047.400000
1047.610000
1047.800000
1047.980000
1048.210000
1048.350000
1048.640000
1048.840000
1048.970000
1049.130000
1049.390000
1049.600000
1049.830000
1049.940000
1050.220000
1050.370000
1050.530000
1050.800000
1051.050000
1051.280000
1051.440000
1051.610000
1051.750000
1051.990000
1052.200000
1052.460000
1052.640000
1052.830000
1052.960000
1053.240000
1053.400000
1053.610000
1053.750000
1053.960000
1054.160000
1054.420000
1054.650000
1054.830000
1054.920000
1055.210000
1055.410000
1055.650000
1055.780000
1056.010000
1056.130000
1056.360000
1056.540000
1056.800000
1057.030000
1057.140000
1057.340000
1057.620000
1057.780000
1058.000000
1058.270000
1058.440000
1058.510000
1058.740000
1059.000000
1059.200000
1059.410000
1059.620000
1059.710000
1060.000000
1060.150000
1060.460000
1060.610000
1060.760000
1060.950000
1061.220000
1061.450000
1061.610000
1061.810000
1061.940000
1062.110000
1062.400000
1062.690000
1062.810000
1062.980000
1063.200000
1063.370000
1063.600000
1063.800000
1064.000000
1064.180000
1064.340000
1064.700000
1064.770000
1065.040000
1065.190000
1065.380000
1065.510000
1065.790000
1065.950000
1066.290000
1066.360000
1066.580000
1066.810000
1066.970000
1067.160000
1067.340000
1067.610000
1067.750000
1068.010000
1068.210000
1068.390000
1068.570000
1068.840000
1069.010000
1069.150000
1069.310000
1069.610000
1069.800000
1070.010000
1070.220000
1070.320000
1070.540000
1070.780000
1070.930000
1071.210000
1071.420000
1071.600000
1071.770000
1071.910000
1072.190000
1072.370000
1072.570000
1072.740000
1072.950000
1073.170000
1073.410000
1073.600000
1073.730000
1074.010000
1074.250000
1074.390000
1074.630000
1074.790000
1074.980000
1075.190000
1075.420000
1075.540000
1075.760000
1076.010000
1076.170000
1076.450000
1076.640000
1076.780000
1076.920000
1077.170000
1077.410000
1077.590000
1077.820000
1077.950000
1078.150000
1078.400000
1078.640000
1078.810000
1079.020000
1079.170000
1079.400000
1079.520000
1079.800000
1079.980000
1080.210000
1080.460000
1080.620000
1080.800000
1080.970000
1081.220000
1081.410000
1081.620000
1081.800000
1082.000000
1082.130000
1082.340000
1082.660000
1082.860000
1082.980000
